20-32C
  1.000000    0.001600
  0.996990    0.002258
  0.992182    0.003308
  0.986968    0.004443
  0.981277    0.005678
  0.975030    0.007029
  0.968143    0.008514
  0.960542    0.010147
  0.952211    0.011928
  0.943357    0.013813
  0.934682    0.015651
  0.926121    0.017455
  0.917513    0.019260
  0.908750    0.021087
  0.899798    0.022942
  0.890913    0.024771
  0.882158    0.026563
  0.873484    0.028327
  0.864850    0.030071
  0.856225    0.031803
  0.847581    0.033526
  0.838898    0.035246
  0.830159    0.036964
  0.821355    0.038683
  0.812481    0.040403
  0.803538    0.042123
  0.794536    0.043841
  0.785490    0.045554
  0.776445    0.047253
  0.767412    0.048934
  0.758381    0.050601
  0.749343    0.052254
  0.740291    0.053894
  0.731221    0.055522
  0.722159    0.057132
  0.713115    0.058723
  0.704088    0.060294
  0.695076    0.061846
  0.686074    0.063379
  0.677079    0.064893
  0.668086    0.066389
  0.659094    0.067867
  0.650099    0.069327
  0.641101    0.070768
  0.632097    0.072191
  0.623088    0.073595
  0.614072    0.074980
  0.605051    0.076345
  0.596025    0.077690
  0.586995    0.079013
  0.577964    0.080315
  0.568932    0.081593
  0.559900    0.082847
  0.550868    0.084077
  0.541838    0.085281
  0.532809    0.086458
  0.523783    0.087607
  0.514757    0.088729
  0.505734    0.089821
  0.496710    0.090884
  0.487688    0.091917
  0.478664    0.092918
  0.469641    0.093887
  0.460616    0.094824
  0.451591    0.095727
  0.442565    0.096595
  0.433539    0.097428
  0.424514    0.098225
  0.415490    0.098985
  0.406468    0.099706
  0.397450    0.100389
  0.388436    0.101031
  0.379428    0.101632
  0.370427    0.102188
  0.361434    0.102697
  0.352450    0.103159
  0.343473    0.103571
  0.334506    0.103931
  0.325546    0.104237
  0.316593    0.104488
  0.307648    0.104681
  0.298708    0.104816
  0.289772    0.104889
  0.280842    0.104898
  0.271919    0.104840
  0.263008    0.104714
  0.254117    0.104516
  0.245255    0.104245
  0.236434    0.103894
  0.227664    0.103451
  0.218955    0.102907
  0.210314    0.102251
  0.201748    0.101475
  0.193261    0.100570
  0.184858    0.099528
  0.176539    0.098344
  0.168299    0.097008
  0.160131    0.095512
  0.152023    0.093845
  0.143959    0.091996
  0.135930    0.089953
  0.127939    0.087708
  0.120007    0.085258
  0.112169    0.082606
  0.104475    0.079766
  0.096979    0.076758
  0.089726    0.073606
  0.082686    0.070303
  0.075738    0.066789
  0.068672    0.062934
  0.061301    0.058596
  0.053865    0.053883
  0.047110    0.049308
  0.041448    0.045244
  0.036630    0.041587
  0.032300    0.038111
  0.028135    0.034554
  0.023629    0.030394
  0.018277    0.025063
  0.012793    0.019586
  0.009460    0.016347
  0.007231    0.014130
  0.005554    0.012382
  0.004218    0.010907
  0.003126    0.009614
  0.002222    0.008452
  0.001473    0.007392
  0.000857    0.006413
  0.000360    0.005500
 -0.000027    0.004644
 -0.000310    0.003835
 -0.000492    0.003069
 -0.000574    0.002339
 -0.000554    0.001643
 -0.000426    0.000976
 -0.000184    0.000336
  0.000185   -0.000279
  0.000690   -0.000872
  0.001335   -0.001446
  0.002129   -0.002005
  0.003090   -0.002549
  0.004242   -0.003079
  0.005625   -0.003595
  0.007302   -0.004093
  0.009382   -0.004560
  0.012057   -0.004956
  0.015642   -0.005139
  0.020648   -0.004805
  0.026863   -0.003935
  0.033745   -0.003030
  0.041272   -0.002105
  0.049378   -0.001083
  0.057899    0.000116
  0.066694    0.001469
  0.075659    0.002906
  0.084718    0.004363
  0.093798    0.005814
  0.102858    0.007252
  0.111894    0.008673
  0.120918    0.010077
  0.129940    0.011466
  0.138966    0.012841
  0.148002    0.014201
  0.157049    0.015547
  0.166106    0.016877
  0.175169    0.018190
  0.184236    0.019487
  0.193300    0.020766
  0.202355    0.022026
  0.211395    0.023264
  0.220415    0.024474
  0.229413    0.025651
  0.238387    0.026789
  0.247342    0.027884
  0.256279    0.028930
  0.265205    0.029926
  0.274123    0.030869
  0.283038    0.031759
  0.291952    0.032595
  0.300870    0.033373
  0.309793    0.034094
  0.318723    0.034759
  0.327662    0.035370
  0.336611    0.035927
  0.345571    0.036434
  0.354544    0.036891
  0.363529    0.037300
  0.372526    0.037663
  0.381535    0.037982
  0.390555    0.038257
  0.399585    0.038490
  0.408625    0.038684
  0.417672    0.038838
  0.426725    0.038954
  0.435785    0.039032
  0.444849    0.039075
  0.453917    0.039081
  0.462988    0.039053
  0.472063    0.038991
  0.481140    0.038897
  0.490220    0.038770
  0.499302    0.038613
  0.508386    0.038426
  0.517473    0.038210
  0.526563    0.037964
  0.535656    0.037691
  0.544751    0.037390
  0.553849    0.037062
  0.562949    0.036707
  0.572050    0.036326
  0.581152    0.035919
  0.590255    0.035488
  0.599357    0.035033
  0.608458    0.034554
  0.617557    0.034053
  0.626655    0.033529
  0.635750    0.032984
  0.644845    0.032419
  0.653939    0.031835
  0.663033    0.031231
  0.672131    0.030609
  0.681234    0.029970
  0.690344    0.029313
  0.699465    0.028640
  0.708600    0.027951
  0.717752    0.027245
  0.726921    0.026523
  0.736106    0.025784
  0.745284    0.025030
  0.754451    0.024261
  0.763611    0.023476
  0.772773    0.022676
  0.781945    0.021858
  0.791113    0.021024
  0.800243    0.020177
  0.809318    0.019319
  0.818329    0.018452
  0.827273    0.017576
  0.836152    0.016693
  0.844976    0.015803
  0.853759    0.014904
  0.862522    0.013996
  0.871289    0.013077
  0.880091    0.012144
  0.888969    0.011194
  0.897969    0.010221
  0.907068    0.009228
  0.915998    0.008245
  0.924763    0.007270
  0.933464    0.006291
  0.942264    0.005290
  0.951265    0.004253
  0.959775    0.003261
  0.967542    0.002344
  0.974575    0.001504
  0.980947    0.000737
  0.986745    0.000032
  0.992053   -0.000618
  0.996942   -0.001221
  1.000000   -0.001600
