NACA 0016- 30-25
  1.000000    0.001680
  0.999934    0.001692
  0.999733    0.001727
  0.999399    0.001785
  0.998932    0.001866
  0.998332    0.001971
  0.997599    0.002099
  0.996732    0.002250
  0.995734    0.002423
  0.994602    0.002620
  0.993338    0.002839
  0.991943    0.003080
  0.990416    0.003344
  0.988757    0.003630
  0.986969    0.003938
  0.985049    0.004268
  0.983001    0.004619
  0.980823    0.004992
  0.978516    0.005385
  0.976080    0.005800
  0.973519    0.006234
  0.970829    0.006689
  0.968014    0.007164
  0.965071    0.007658
  0.962006    0.008172
  0.958815    0.008704
  0.955502    0.009255
  0.952066    0.009825
  0.948509    0.010412
  0.944831    0.011016
  0.941033    0.011638
  0.937117    0.012276
  0.933083    0.012931
  0.928931    0.013602
  0.924664    0.014288
  0.920283    0.014989
  0.915787    0.015705
  0.911179    0.016435
  0.906459    0.017180
  0.901630    0.017937
  0.896692    0.018708
  0.891645    0.019491
  0.886492    0.020286
  0.881234    0.021093
  0.875872    0.021911
  0.870407    0.022739
  0.864841    0.023579
  0.859177    0.024428
  0.853412    0.025286
  0.847552    0.026154
  0.841595    0.027029
  0.835544    0.027913
  0.829402    0.028805
  0.823167    0.029704
  0.816844    0.030609
  0.810432    0.031520
  0.803935    0.032438
  0.797352    0.033360
  0.790688    0.034288
  0.783941    0.035219
  0.777115    0.036155
  0.770211    0.037093
  0.763229    0.038035
  0.756175    0.038979
  0.749047    0.039925
  0.741849    0.040873
  0.734580    0.041821
  0.727245    0.042770
  0.719845    0.043719
  0.712380    0.044667
  0.704854    0.045615
  0.697268    0.046560
  0.689623    0.047504
  0.681923    0.048445
  0.674168    0.049384
  0.666361    0.050318
  0.658504    0.051249
  0.650598    0.052175
  0.642645    0.053095
  0.634649    0.054010
  0.626610    0.054919
  0.618531    0.055821
  0.610412    0.056716
  0.602258    0.057603
  0.594069    0.058481
  0.585848    0.059351
  0.577597    0.060211
  0.569317    0.061060
  0.561011    0.061899
  0.552681    0.062727
  0.544329    0.063543
  0.535957    0.064346
  0.527567    0.065137
  0.519161    0.065913
  0.510742    0.066676
  0.502312    0.067423
  0.493871    0.068155
  0.485423    0.068871
  0.476970    0.069571
  0.468515    0.070253
  0.460057    0.070917
  0.451601    0.071563
  0.443148    0.072189
  0.434700    0.072796
  0.426260    0.073383
  0.417830    0.073948
  0.409410    0.074493
  0.401004    0.075015
  0.392615    0.075515
  0.384243    0.075991
  0.375891    0.076443
  0.367560    0.076872
  0.359255    0.077275
  0.350975    0.077653
  0.342724    0.078004
  0.334502    0.078330
  0.326314    0.078628
  0.318159    0.078899
  0.310041    0.079141
  0.301961    0.079355
  0.293922    0.079541
  0.285926    0.079696
  0.277974    0.079822
  0.270068    0.079918
  0.262210    0.079983
  0.254404    0.080018
  0.247393    0.080020
  0.241404    0.079992
  0.235458    0.079931
  0.229558    0.079838
  0.223704    0.079712
  0.217898    0.079554
  0.212143    0.079363
  0.206437    0.079138
  0.200784    0.078880
  0.195186    0.078589
  0.189642    0.078264
  0.184155    0.077905
  0.178725    0.077513
  0.173355    0.077087
  0.168046    0.076627
  0.162798    0.076133
  0.157615    0.075605
  0.152495    0.075044
  0.147442    0.074448
  0.142455    0.073820
  0.137537    0.073158
  0.132688    0.072463
  0.127910    0.071734
  0.123204    0.070973
  0.118571    0.070179
  0.114012    0.069353
  0.109529    0.068495
  0.105123    0.067605
  0.100794    0.066683
  0.096544    0.065731
  0.092373    0.064747
  0.088284    0.063734
  0.084276    0.062690
  0.080351    0.061617
  0.076510    0.060514
  0.072754    0.059383
  0.069083    0.058224
  0.065499    0.057037
  0.062003    0.055822
  0.058595    0.054581
  0.055276    0.053314
  0.052047    0.052021
  0.048909    0.050702
  0.045863    0.049359
  0.042909    0.047992
  0.040048    0.046600
  0.037282    0.045186
  0.034609    0.043749
  0.032032    0.042290
  0.029551    0.040810
  0.027167    0.039308
  0.024878    0.037786
  0.022688    0.036243
  0.020597    0.034682
  0.018604    0.033101
  0.016710    0.031501
  0.014916    0.029884
  0.013222    0.028249
  0.011628    0.026596
  0.010135    0.024927
  0.008744    0.023242
  0.007454    0.021541
  0.006267    0.019824
  0.005182    0.018091
  0.004198    0.016345
  0.003318    0.014583
  0.002542    0.012807
  0.001867    0.011018
  0.001297    0.009214
  0.000831    0.007397
  0.000468    0.005567
  0.000207    0.003724
  0.000052    0.001869
  0.000000    0.000000
  0.000052   -0.001869
  0.000207   -0.003724
  0.000468   -0.005567
  0.000831   -0.007397
  0.001297   -0.009214
  0.001867   -0.011018
  0.002542   -0.012807
  0.003318   -0.014583
  0.004198   -0.016345
  0.005182   -0.018091
  0.006267   -0.019824
  0.007454   -0.021541
  0.008744   -0.023242
  0.010135   -0.024927
  0.011628   -0.026596
  0.013222   -0.028249
  0.014916   -0.029884
  0.016710   -0.031501
  0.018604   -0.033101
  0.020597   -0.034682
  0.022688   -0.036243
  0.024878   -0.037786
  0.027167   -0.039308
  0.029551   -0.040810
  0.032032   -0.042290
  0.034609   -0.043749
  0.037282   -0.045186
  0.040048   -0.046600
  0.042909   -0.047992
  0.045863   -0.049359
  0.048909   -0.050702
  0.052047   -0.052021
  0.055276   -0.053314
  0.058595   -0.054581
  0.062003   -0.055822
  0.065499   -0.057037
  0.069083   -0.058224
  0.072754   -0.059383
  0.076510   -0.060514
  0.080351   -0.061617
  0.084276   -0.062690
  0.088284   -0.063734
  0.092373   -0.064747
  0.096544   -0.065731
  0.100794   -0.066683
  0.105123   -0.067605
  0.109529   -0.068495
  0.114012   -0.069353
  0.118571   -0.070179
  0.123204   -0.070973
  0.127910   -0.071734
  0.132688   -0.072463
  0.137537   -0.073158
  0.142455   -0.073820
  0.147442   -0.074448
  0.152495   -0.075044
  0.157615   -0.075605
  0.162798   -0.076133
  0.168046   -0.076627
  0.173355   -0.077087
  0.178725   -0.077513
  0.184155   -0.077905
  0.189642   -0.078264
  0.195186   -0.078589
  0.200784   -0.078880
  0.206437   -0.079138
  0.212143   -0.079363
  0.217898   -0.079554
  0.223704   -0.079712
  0.229558   -0.079838
  0.235458   -0.079931
  0.241404   -0.079992
  0.247393   -0.080020
  0.254404   -0.080018
  0.262210   -0.079983
  0.270068   -0.079918
  0.277974   -0.079822
  0.285926   -0.079696
  0.293922   -0.079541
  0.301961   -0.079355
  0.310041   -0.079141
  0.318159   -0.078899
  0.326314   -0.078628
  0.334502   -0.078330
  0.342724   -0.078004
  0.350975   -0.077653
  0.359255   -0.077275
  0.367560   -0.076872
  0.375891   -0.076443
  0.384243   -0.075991
  0.392615   -0.075515
  0.401004   -0.075015
  0.409410   -0.074493
  0.417830   -0.073948
  0.426260   -0.073383
  0.434700   -0.072796
  0.443148   -0.072189
  0.451601   -0.071563
  0.460057   -0.070917
  0.468515   -0.070253
  0.476970   -0.069571
  0.485423   -0.068871
  0.493871   -0.068155
  0.502312   -0.067423
  0.510742   -0.066676
  0.519161   -0.065913
  0.527567   -0.065137
  0.535957   -0.064346
  0.544329   -0.063543
  0.552681   -0.062727
  0.561011   -0.061899
  0.569317   -0.061060
  0.577597   -0.060211
  0.585848   -0.059351
  0.594069   -0.058481
  0.602258   -0.057603
  0.610412   -0.056716
  0.618531   -0.055821
  0.626610   -0.054919
  0.634649   -0.054010
  0.642645   -0.053095
  0.650598   -0.052175
  0.658504   -0.051249
  0.666361   -0.050318
  0.674168   -0.049384
  0.681923   -0.048445
  0.689623   -0.047504
  0.697268   -0.046560
  0.704854   -0.045615
  0.712380   -0.044667
  0.719845   -0.043719
  0.727245   -0.042770
  0.734580   -0.041821
  0.741849   -0.040873
  0.749047   -0.039925
  0.756175   -0.038979
  0.763229   -0.038035
  0.770211   -0.037093
  0.777115   -0.036155
  0.783941   -0.035219
  0.790688   -0.034288
  0.797352   -0.033360
  0.803935   -0.032438
  0.810432   -0.031520
  0.816844   -0.030609
  0.823167   -0.029704
  0.829402   -0.028805
  0.835544   -0.027913
  0.841595   -0.027029
  0.847552   -0.026154
  0.853412   -0.025286
  0.859177   -0.024428
  0.864841   -0.023579
  0.870407   -0.022739
  0.875872   -0.021911
  0.881234   -0.021093
  0.886492   -0.020286
  0.891645   -0.019491
  0.896692   -0.018708
  0.901630   -0.017937
  0.906459   -0.017180
  0.911179   -0.016435
  0.915787   -0.015705
  0.920283   -0.014989
  0.924664   -0.014288
  0.928931   -0.013602
  0.933083   -0.012931
  0.937117   -0.012276
  0.941033   -0.011638
  0.944831   -0.011016
  0.948509   -0.010412
  0.952066   -0.009825
  0.955502   -0.009255
  0.958815   -0.008704
  0.962006   -0.008172
  0.965071   -0.007658
  0.968014   -0.007164
  0.970829   -0.006689
  0.973519   -0.006234
  0.976080   -0.005800
  0.978516   -0.005385
  0.980823   -0.004992
  0.983001   -0.004619
  0.985049   -0.004268
  0.986969   -0.003938
  0.988757   -0.003630
  0.990416   -0.003344
  0.991943   -0.003080
  0.993338   -0.002839
  0.994602   -0.002620
  0.995734   -0.002423
  0.996732   -0.002250
  0.997599   -0.002099
  0.998332   -0.001971
  0.998932   -0.001866
  0.999399   -0.001785
  0.999733   -0.001727
  0.999934   -0.001692
  1.000000   -0.001680
