NACA 4415bis
  1.000000    0.001562
  0.999998    0.001580
  0.999956    0.001637
  0.999651    0.001731
  0.999225    0.001862
  0.998677    0.002031
  0.998007    0.002237
  0.997216    0.002481
  0.996303    0.002761
  0.995270    0.003078
  0.994115    0.003431
  0.992840    0.003820
  0.991445    0.004246
  0.989929    0.004707
  0.988294    0.005203
  0.986539    0.005734
  0.984666    0.006299
  0.982674    0.006898
  0.980563    0.007531
  0.978335    0.008197
  0.975989    0.008895
  0.973527    0.009626
  0.970949    0.010388
  0.968255    0.011181
  0.965446    0.012004
  0.962522    0.012857
  0.959484    0.013739
  0.956334    0.014649
  0.953070    0.015587
  0.949695    0.016552
  0.946209    0.017544
  0.942613    0.018561
  0.938907    0.019603
  0.935093    0.020669
  0.931170    0.021759
  0.927141    0.022871
  0.923006    0.024005
  0.918765    0.025161
  0.914420    0.026336
  0.909972    0.027531
  0.905422    0.028745
  0.900771    0.029976
  0.896020    0.031224
  0.891169    0.032489
  0.886221    0.033768
  0.881175    0.035062
  0.876034    0.036370
  0.870799    0.037690
  0.865470    0.039022
  0.860049    0.040364
  0.854538    0.041717
  0.848936    0.043079
  0.843247    0.044449
  0.837471    0.045826
  0.831609    0.047210
  0.825663    0.048599
  0.819634    0.049993
  0.813523    0.051390
  0.807333    0.052791
  0.801065    0.054193
  0.794719    0.055596
  0.788298    0.057000
  0.781802    0.058403
  0.775235    0.059804
  0.768596    0.061202
  0.761889    0.062598
  0.755113    0.063989
  0.748272    0.065375
  0.741366    0.066754
  0.734398    0.068127
  0.727369    0.069493
  0.720280    0.070849
  0.713134    0.072196
  0.705932    0.073533
  0.698675    0.074859
  0.691367    0.076173
  0.684008    0.077473
  0.676600    0.078760
  0.669146    0.080033
  0.661646    0.081290
  0.654104    0.082531
  0.646520    0.083755
  0.638896    0.084962
  0.631236    0.086149
  0.623539    0.087318
  0.615809    0.088466
  0.608047    0.089593
  0.600256    0.090699
  0.592436    0.091782
  0.584591    0.092842
  0.576722    0.093878
  0.568832    0.094889
  0.560921    0.095875
  0.552993    0.096835
  0.545048    0.097768
  0.537091    0.098674
  0.529121    0.099552
  0.521142    0.100400
  0.513155    0.101219
  0.505162    0.102008
  0.497167    0.102767
  0.489170    0.103494
  0.481173    0.104189
  0.473179    0.104851
  0.465191    0.105481
  0.457209    0.106077
  0.449236    0.106638
  0.441274    0.107166
  0.433326    0.107658
  0.425393    0.108114
  0.417478    0.108534
  0.409582    0.108918
  0.401707    0.109265
  0.393741    0.109569
  0.385759    0.109819
  0.377805    0.110013
  0.369880    0.110152
  0.361988    0.110236
  0.354129    0.110265
  0.346307    0.110238
  0.338524    0.110156
  0.330782    0.110019
  0.323084    0.109826
  0.315431    0.109579
  0.307826    0.109277
  0.300271    0.108921
  0.292768    0.108512
  0.285320    0.108048
  0.277928    0.107531
  0.270596    0.106962
  0.263324    0.106340
  0.256116    0.105667
  0.248973    0.104942
  0.241897    0.104168
  0.234891    0.103343
  0.227957    0.102469
  0.221096    0.101547
  0.214311    0.100578
  0.207603    0.099562
  0.200975    0.098500
  0.194428    0.097393
  0.187965    0.096242
  0.181586    0.095049
  0.175295    0.093813
  0.169093    0.092536
  0.162980    0.091220
  0.156961    0.089865
  0.151035    0.088472
  0.145204    0.087043
  0.139471    0.085579
  0.133837    0.084080
  0.128303    0.082549
  0.122871    0.080986
  0.117542    0.079393
  0.112317    0.077770
  0.107199    0.076120
  0.102188    0.074444
  0.097285    0.072742
  0.092493    0.071016
  0.087811    0.069268
  0.083242    0.067499
  0.078786    0.065710
  0.074445    0.063903
  0.070219    0.062078
  0.066110    0.060238
  0.062118    0.058383
  0.058245    0.056515
  0.054491    0.054635
  0.050857    0.052744
  0.047344    0.050844
  0.043953    0.048936
  0.040683    0.047022
  0.037537    0.045101
  0.034515    0.043177
  0.031617    0.041249
  0.028843    0.039319
  0.026195    0.037388
  0.023673    0.035458
  0.021277    0.033528
  0.019007    0.031601
  0.016865    0.029677
  0.014850    0.027758
  0.012962    0.025844
  0.011202    0.023935
  0.009570    0.022034
  0.008066    0.020140
  0.006691    0.018255
  0.005444    0.016379
  0.004325    0.014512
  0.003335    0.012656
  0.002474    0.010811
  0.001741    0.008978
  0.001136    0.007157
  0.000660    0.005348
  0.000312    0.003552
  0.000092    0.001769
  0.000000    0.000000
  0.000036   -0.001756
  0.000199   -0.003498
  0.000489   -0.005225
  0.000903   -0.006928
  0.001439   -0.008593
  0.002097   -0.010221
  0.002875   -0.011812
  0.003774   -0.013366
  0.004793   -0.014882
  0.005932   -0.016361
  0.007189   -0.017803
  0.008565   -0.019208
  0.010059   -0.020576
  0.011670   -0.021906
  0.013397   -0.023200
  0.015241   -0.024456
  0.017199   -0.025675
  0.019272   -0.026857
  0.021459   -0.028003
  0.023759   -0.029112
  0.026171   -0.030183
  0.028694   -0.031219
  0.031328   -0.032218
  0.034072   -0.033180
  0.036924   -0.034106
  0.039884   -0.034996
  0.042951   -0.035850
  0.046124   -0.036669
  0.049402   -0.037451
  0.052784   -0.038199
  0.056269   -0.038911
  0.059856   -0.039588
  0.063544   -0.040230
  0.067331   -0.040838
  0.071218   -0.041412
  0.075202   -0.041952
  0.079283   -0.042458
  0.083460   -0.042931
  0.087731   -0.043371
  0.092096   -0.043778
  0.096552   -0.044153
  0.101100   -0.044496
  0.105738   -0.044808
  0.110464   -0.045089
  0.115278   -0.045339
  0.120178   -0.045559
  0.125164   -0.045750
  0.130233   -0.045911
  0.135386   -0.046043
  0.140620   -0.046148
  0.145934   -0.046225
  0.151328   -0.046275
  0.156799   -0.046299
  0.162347   -0.046297
  0.167971   -0.046270
  0.173669   -0.046219
  0.179440   -0.046144
  0.185283   -0.046045
  0.191197   -0.045925
  0.197179   -0.045783
  0.203230   -0.045620
  0.209347   -0.045436
  0.215530   -0.045234
  0.221777   -0.045013
  0.228087   -0.044774
  0.234459   -0.044518
  0.240891   -0.044246
  0.247381   -0.043959
  0.253930   -0.043657
  0.260535   -0.043342
  0.267195   -0.043014
  0.273909   -0.042674
  0.280675   -0.042323
  0.287492   -0.041962
  0.294358   -0.041592
  0.301273   -0.041214
  0.308235   -0.040828
  0.315243   -0.040436
  0.322294   -0.040039
  0.329388   -0.039637
  0.336524   -0.039231
  0.343699   -0.038822
  0.350913   -0.038411
  0.358164   -0.038000
  0.365450   -0.037588
  0.372770   -0.037176
  0.380123   -0.036767
  0.387507   -0.036360
  0.394920   -0.035956
  0.402401   -0.035555
  0.410024   -0.035147
  0.417670   -0.034729
  0.425337   -0.034301
  0.433025   -0.033865
  0.440731   -0.033420
  0.448453   -0.032967
  0.456189   -0.032507
  0.463938   -0.032041
  0.471698   -0.031568
  0.479467   -0.031091
  0.487244   -0.030608
  0.495025   -0.030122
  0.502810   -0.029632
  0.510597   -0.029138
  0.518383   -0.028643
  0.526168   -0.028145
  0.533948   -0.027645
  0.541723   -0.027145
  0.549489   -0.026644
  0.557247   -0.026142
  0.564992   -0.025641
  0.572725   -0.025141
  0.580442   -0.024642
  0.588142   -0.024145
  0.595823   -0.023649
  0.603483   -0.023156
  0.611120   -0.022665
  0.618732   -0.022177
  0.626318   -0.021693
  0.633876   -0.021212
  0.641403   -0.020735
  0.648898   -0.020262
  0.656358   -0.019793
  0.663783   -0.019329
  0.671170   -0.018870
  0.678518   -0.018415
  0.685823   -0.017966
  0.693086   -0.017522
  0.700303   -0.017084
  0.707473   -0.016652
  0.714595   -0.016225
  0.721665   -0.015804
  0.728683   -0.015389
  0.735647   -0.014980
  0.742555   -0.014577
  0.749405   -0.014181
  0.756195   -0.013790
  0.762924   -0.013407
  0.769590   -0.013029
  0.776191   -0.012658
  0.782726   -0.012294
  0.789192   -0.011936
  0.795588   -0.011584
  0.801913   -0.011239
  0.808164   -0.010900
  0.814341   -0.010568
  0.820441   -0.010243
  0.826463   -0.009924
  0.832405   -0.009611
  0.838265   -0.009305
  0.844043   -0.009005
  0.849737   -0.008711
  0.855344   -0.008424
  0.860864   -0.008143
  0.866296   -0.007868
  0.871637   -0.007600
  0.876886   -0.007338
  0.882042   -0.007081
  0.887103   -0.006831
  0.892068   -0.006587
  0.896936   -0.006350
  0.901705   -0.006118
  0.906375   -0.005892
  0.910943   -0.005672
  0.915409   -0.005458
  0.919771   -0.005250
  0.924028   -0.005047
  0.928179   -0.004851
  0.932223   -0.004660
  0.936158   -0.004475
  0.939985   -0.004296
  0.943700   -0.004123
  0.947304   -0.003955
  0.950796   -0.003793
  0.954174   -0.003637
  0.957438   -0.003486
  0.960586   -0.003341
  0.963619   -0.003202
  0.966534   -0.003068
  0.969331   -0.002941
  0.972009   -0.002818
  0.974568   -0.002702
  0.977007   -0.002591
  0.979325   -0.002485
  0.981522   -0.002386
  0.983596   -0.002292
  0.985548   -0.002204
  0.987376   -0.002121
  0.989081   -0.002044
  0.990661   -0.001973
  0.992116   -0.001907
  0.993447   -0.001847
  0.994652   -0.001793
  0.995730   -0.001744
  0.996683   -0.001702
  0.997509   -0.001664
  0.998209   -0.001633
  0.998782   -0.001607
  0.999227   -0.001587
  0.999545   -0.001573
  0.999736   -0.001564
  1.000000   -0.001562
