NACA 6413
  1.000000    0.001339
  0.999998    0.001360
  0.999996    0.001425
  0.999717    0.001532
  0.999293    0.001682
  0.998749    0.001874
  0.998084    0.002110
  0.997298    0.002387
  0.996392    0.002707
  0.995365    0.003068
  0.994219    0.003471
  0.992952    0.003915
  0.991566    0.004401
  0.990061    0.004926
  0.988437    0.005492
  0.986694    0.006097
  0.984832    0.006742
  0.982853    0.007425
  0.980756    0.008147
  0.978542    0.008906
  0.976212    0.009702
  0.973765    0.010534
  0.971202    0.011403
  0.968525    0.012306
  0.965732    0.013244
  0.962826    0.014215
  0.959806    0.015220
  0.956674    0.016256
  0.953429    0.017324
  0.950073    0.018423
  0.946606    0.019551
  0.943029    0.020708
  0.939343    0.021894
  0.935548    0.023106
  0.931646    0.024345
  0.927636    0.025609
  0.923521    0.026898
  0.919301    0.028210
  0.914977    0.029545
  0.910549    0.030901
  0.906019    0.032278
  0.901388    0.033675
  0.896656    0.035090
  0.891825    0.036522
  0.886896    0.037971
  0.881870    0.039436
  0.876748    0.040915
  0.871531    0.042408
  0.866221    0.043913
  0.860818    0.045430
  0.855324    0.046956
  0.849739    0.048492
  0.844066    0.050036
  0.838306    0.051587
  0.832460    0.053145
  0.826528    0.054707
  0.820514    0.056273
  0.814417    0.057842
  0.808239    0.059412
  0.801983    0.060984
  0.795648    0.062555
  0.789238    0.064124
  0.782753    0.065691
  0.776194    0.067255
  0.769564    0.068814
  0.762863    0.070367
  0.756094    0.071914
  0.749258    0.073453
  0.742357    0.074983
  0.735392    0.076504
  0.728365    0.078013
  0.721278    0.079511
  0.714132    0.080997
  0.706930    0.082468
  0.699672    0.083925
  0.692361    0.085366
  0.684999    0.086790
  0.677586    0.088197
  0.670126    0.089586
  0.662620    0.090954
  0.655069    0.092303
  0.647476    0.093630
  0.639843    0.094935
  0.632171    0.096217
  0.624462    0.097475
  0.616719    0.098709
  0.608943    0.099917
  0.601136    0.101098
  0.593300    0.102252
  0.585437    0.103378
  0.577550    0.104476
  0.569639    0.105543
  0.561708    0.106581
  0.553758    0.107587
  0.545792    0.108562
  0.537810    0.109505
  0.529816    0.110414
  0.521812    0.111290
  0.513799    0.112131
  0.505779    0.112937
  0.497756    0.113708
  0.489730    0.114443
  0.481704    0.115141
  0.473681    0.115802
  0.465661    0.116425
  0.457648    0.117010
  0.449643    0.117557
  0.441649    0.118064
  0.433668    0.118532
  0.425702    0.118961
  0.417752    0.119349
  0.409822    0.119697
  0.401913    0.120004
  0.393877    0.120263
  0.385813    0.120454
  0.377776    0.120578
  0.369769    0.120634
  0.361794    0.120623
  0.353853    0.120545
  0.345949    0.120401
  0.338084    0.120190
  0.330261    0.119913
  0.322481    0.119571
  0.314748    0.119164
  0.307064    0.118693
  0.299431    0.118158
  0.291851    0.117560
  0.284328    0.116901
  0.276862    0.116180
  0.269457    0.115398
  0.262114    0.114557
  0.254837    0.113658
  0.247627    0.112701
  0.240486    0.111688
  0.233417    0.110619
  0.226422    0.109497
  0.219503    0.108322
  0.212661    0.107095
  0.205900    0.105818
  0.199221    0.104492
  0.192626    0.103118
  0.186117    0.101699
  0.179696    0.100235
  0.173365    0.098728
  0.167125    0.097179
  0.160979    0.095591
  0.154929    0.093964
  0.148975    0.092300
  0.143120    0.090602
  0.137365    0.088869
  0.131713    0.087105
  0.126163    0.085312
  0.120719    0.083489
  0.115381    0.081640
  0.110151    0.079767
  0.105031    0.077870
  0.100021    0.075952
  0.095122    0.074014
  0.090337    0.072059
  0.085666    0.070087
  0.081111    0.068101
  0.076671    0.066102
  0.072350    0.064093
  0.068147    0.062075
  0.064064    0.060049
  0.060101    0.058017
  0.056259    0.055982
  0.052539    0.053944
  0.048943    0.051905
  0.045470    0.049867
  0.042121    0.047832
  0.038898    0.045800
  0.035799    0.043774
  0.032828    0.041755
  0.029982    0.039745
  0.027264    0.037744
  0.024674    0.035755
  0.022211    0.033778
  0.019877    0.031815
  0.017672    0.029867
  0.015595    0.027935
  0.013648    0.026021
  0.011830    0.024125
  0.010142    0.022248
  0.008583    0.020392
  0.007154    0.018558
  0.005855    0.016746
  0.004686    0.014957
  0.003647    0.013191
  0.002738    0.011451
  0.001959    0.009735
  0.001309    0.008046
  0.000789    0.006382
  0.000398    0.004746
  0.000137    0.003136
  0.000004    0.001554
  0.000000    0.000000
  0.000124   -0.001526
  0.000377   -0.003025
  0.000757   -0.004495
  0.001262   -0.005927
  0.001887   -0.007311
  0.002633   -0.008648
  0.003499   -0.009938
  0.004485   -0.011180
  0.005589   -0.012375
  0.006812   -0.013523
  0.008153   -0.014623
  0.009611   -0.015678
  0.011186   -0.016685
  0.012876   -0.017647
  0.014681   -0.018562
  0.016601   -0.019432
  0.018634   -0.020257
  0.020780   -0.021036
  0.023038   -0.021771
  0.025408   -0.022462
  0.027887   -0.023109
  0.030476   -0.023713
  0.033173   -0.024273
  0.035978   -0.024791
  0.038889   -0.025268
  0.041906   -0.025703
  0.045028   -0.026097
  0.048253   -0.026450
  0.051580   -0.026764
  0.055009   -0.027039
  0.058538   -0.027275
  0.062167   -0.027474
  0.065894   -0.027635
  0.069718   -0.027760
  0.073638   -0.027849
  0.077653   -0.027904
  0.081761   -0.027923
  0.085963   -0.027910
  0.090255   -0.027864
  0.094638   -0.027785
  0.099110   -0.027676
  0.103670   -0.027537
  0.108316   -0.027368
  0.113049   -0.027171
  0.117865   -0.026946
  0.122765   -0.026695
  0.127746   -0.026418
  0.132809   -0.026116
  0.137951   -0.025790
  0.143171   -0.025442
  0.148468   -0.025072
  0.153842   -0.024681
  0.159290   -0.024271
  0.164811   -0.023842
  0.170405   -0.023395
  0.176070   -0.022932
  0.181805   -0.022454
  0.187609   -0.021961
  0.193480   -0.021455
  0.199418   -0.020937
  0.205420   -0.020408
  0.211487   -0.019869
  0.217616   -0.019321
  0.223807   -0.018766
  0.230058   -0.018205
  0.236368   -0.017638
  0.242736   -0.017067
  0.249161   -0.016494
  0.255641   -0.015919
  0.262176   -0.015343
  0.268764   -0.014768
  0.275403   -0.014194
  0.282093   -0.013624
  0.288832   -0.013058
  0.295620   -0.012497
  0.302454   -0.011942
  0.309334   -0.011395
  0.316259   -0.010857
  0.323226   -0.010329
  0.330235   -0.009811
  0.337285   -0.009306
  0.344375   -0.008814
  0.351502   -0.008336
  0.358666   -0.007873
  0.365865   -0.007427
  0.373098   -0.006997
  0.380364   -0.006587
  0.387661   -0.006195
  0.394988   -0.005824
  0.402395   -0.005472
  0.409979   -0.005126
  0.417587   -0.004778
  0.425216   -0.004431
  0.432866   -0.004084
  0.440535   -0.003739
  0.448221   -0.003395
  0.455921   -0.003054
  0.463635   -0.002716
  0.471361   -0.002381
  0.479096   -0.002050
  0.486839   -0.001724
  0.494588   -0.001402
  0.502342   -0.001086
  0.510098   -0.000776
  0.517855   -0.000472
  0.525610   -0.000176
  0.533363    0.000114
  0.541110    0.000397
  0.548851    0.000671
  0.556583    0.000937
  0.564305    0.001195
  0.572015    0.001444
  0.579710    0.001684
  0.587389    0.001915
  0.595050    0.002136
  0.602692    0.002347
  0.610311    0.002549
  0.617908    0.002741
  0.625478    0.002922
  0.633022    0.003093
  0.640536    0.003254
  0.648019    0.003405
  0.655469    0.003545
  0.662885    0.003675
  0.670263    0.003794
  0.677603    0.003903
  0.684903    0.004001
  0.692160    0.004089
  0.699374    0.004167
  0.706541    0.004234
  0.713661    0.004292
  0.720731    0.004340
  0.727749    0.004377
  0.734714    0.004406
  0.741625    0.004424
  0.748478    0.004434
  0.755273    0.004434
  0.762007    0.004426
  0.768679    0.004409
  0.775287    0.004383
  0.781829    0.004350
  0.788304    0.004309
  0.794710    0.004260
  0.801046    0.004204
  0.807308    0.004140
  0.813497    0.004070
  0.819609    0.003994
  0.825644    0.003912
  0.831600    0.003824
  0.837476    0.003730
  0.843269    0.003631
  0.848978    0.003527
  0.854601    0.003419
  0.860138    0.003307
  0.865587    0.003191
  0.870945    0.003071
  0.876212    0.002948
  0.881386    0.002823
  0.886466    0.002694
  0.891450    0.002564
  0.896336    0.002432
  0.901125    0.002298
  0.905814    0.002163
  0.910401    0.002027
  0.914886    0.001890
  0.919268    0.001753
  0.923544    0.001617
  0.927715    0.001480
  0.931778    0.001344
  0.935732    0.001209
  0.939578    0.001075
  0.943312    0.000943
  0.946935    0.000812
  0.950445    0.000683
  0.953841    0.000557
  0.957122    0.000432
  0.960288    0.000311
  0.963337    0.000192
  0.966269    0.000077
  0.969082   -0.000035
  0.971776   -0.000144
  0.974350   -0.000249
  0.976803   -0.000350
  0.979135   -0.000446
  0.981345   -0.000539
  0.983432   -0.000627
  0.985396   -0.000710
  0.987235   -0.000789
  0.988950   -0.000863
  0.990541   -0.000932
  0.992005   -0.000996
  0.993344   -0.001055
  0.994557   -0.001108
  0.995642   -0.001156
  0.996601   -0.001199
  0.997433   -0.001236
  0.998137   -0.001267
  0.998713   -0.001293
  0.999162   -0.001313
  0.999482   -0.001327
  0.999674   -0.001336
  1.000000   -0.001339
