mosca495
  1.000000    0.000150
  0.996244    0.001151
  0.990406    0.002705
  0.984300    0.004327
  0.977901    0.006024
  0.971183    0.007803
  0.964119    0.009671
  0.956676    0.011634
  0.948826    0.013701
  0.940541    0.015878
  0.931795    0.018170
  0.922574    0.020580
  0.912879    0.023108
  0.902733    0.025746
  0.892191    0.028481
  0.881335    0.031285
  0.870264    0.034134
  0.859088    0.036994
  0.847903    0.039839
  0.836732    0.042659
  0.825648    0.045436
  0.814676    0.048159
  0.803819    0.050830
  0.793057    0.053449
  0.782368    0.056020
  0.771726    0.058551
  0.761114    0.061041
  0.750515    0.063495
  0.739920    0.065912
  0.729320    0.068292
  0.718713    0.070635
  0.708098    0.072938
  0.697477    0.075201
  0.686858    0.077417
  0.676247    0.079586
  0.665651    0.081705
  0.655071    0.083770
  0.644513    0.085782
  0.633975    0.087737
  0.623459    0.089635
  0.612961    0.091476
  0.602482    0.093256
  0.592014    0.094978
  0.581556    0.096640
  0.571104    0.098239
  0.560660    0.099775
  0.550223    0.101245
  0.539800    0.102648
  0.529395    0.103982
  0.519016    0.105243
  0.508673    0.106430
  0.498377    0.107540
  0.488140    0.108572
  0.477969    0.109523
  0.467868    0.110391
  0.457834    0.111177
  0.447860    0.111878
  0.437933    0.112497
  0.428035    0.113029
  0.418147    0.113476
  0.408244    0.113835
  0.398292    0.114106
  0.388257    0.114284
  0.378105    0.114376
  0.367811    0.114384
  0.357363    0.114310
  0.346763    0.114159
  0.336029    0.113935
  0.325202    0.113646
  0.314344    0.113297
  0.303539    0.112902
  0.292879    0.112469
  0.282454    0.111997
  0.272313    0.111474
  0.262473    0.110892
  0.252923    0.110240
  0.243638    0.109512
  0.234582    0.108700
  0.225713    0.107795
  0.216984    0.106787
  0.208343    0.105663
  0.199734    0.104408
  0.191094    0.103002
  0.182361    0.101432
  0.173496    0.099684
  0.164483    0.097748
  0.155332    0.095616
  0.146093    0.093295
  0.136856    0.090803
  0.127751    0.088175
  0.118922    0.085467
  0.110507    0.082735
  0.102603    0.080032
  0.095261    0.077401
  0.088486    0.074825
  0.082223    0.072263
  0.076398    0.069674
  0.070934    0.067025
  0.065765    0.064314
  0.060848    0.061560
  0.056146    0.058771
  0.051639    0.055962
  0.047308    0.053140
  0.043137    0.050311
  0.039139    0.047497
  0.035349    0.044738
  0.031804    0.042084
  0.028530    0.039568
  0.025526    0.037211
  0.022782    0.035016
  0.020293    0.032970
  0.018045    0.031051
  0.016012    0.029239
  0.014175    0.027517
  0.012508    0.025868
  0.010996    0.024283
  0.009623    0.022748
  0.008375    0.021259
  0.007240    0.019806
  0.006212    0.018385
  0.005280    0.016991
  0.004439    0.015619
  0.003682    0.014266
  0.003005    0.012929
  0.002404    0.011604
  0.001877    0.010291
  0.001417    0.008986
  0.001024    0.007687
  0.000695    0.006394
  0.000429    0.005103
  0.000224    0.003814
  0.000080    0.002526
  0.000003    0.001252
  0.000000    0.000000
  0.000077   -0.001220
  0.000241   -0.002401
  0.000499   -0.003537
  0.000848   -0.004633
  0.001287   -0.005692
  0.001815   -0.006720
  0.002430   -0.007719
  0.003134   -0.008694
  0.003930   -0.009648
  0.004818   -0.010582
  0.005804   -0.011502
  0.006891   -0.012408
  0.008087   -0.013305
  0.009399   -0.014196
  0.010837   -0.015085
  0.012414   -0.015975
  0.014145   -0.016871
  0.016046   -0.017780
  0.018142   -0.018709
  0.020455   -0.019669
  0.023011   -0.020670
  0.025821   -0.021728
  0.028881   -0.022850
  0.032199   -0.024030
  0.035762   -0.025250
  0.039528   -0.026483
  0.043441   -0.027695
  0.047467   -0.028866
  0.051619   -0.029995
  0.055953   -0.031089
  0.060514   -0.032147
  0.065348   -0.033159
  0.070507   -0.034109
  0.076035   -0.034970
  0.081969   -0.035709
  0.088358   -0.036322
  0.095255   -0.036812
  0.102712   -0.037198
  0.110762   -0.037488
  0.119415   -0.037669
  0.128643   -0.037721
  0.138376   -0.037631
  0.148501   -0.037396
  0.158879   -0.037020
  0.169377   -0.036517
  0.179889   -0.035907
  0.190351   -0.035210
  0.200746   -0.034447
  0.211100   -0.033629
  0.221453   -0.032759
  0.231844   -0.031838
  0.242303   -0.030867
  0.252858   -0.029847
  0.263527   -0.028779
  0.274326   -0.027667
  0.285257   -0.026511
  0.296318   -0.025318
  0.307495   -0.024093
  0.318762   -0.022843
  0.330094   -0.021572
  0.341468   -0.020286
  0.352863   -0.018991
  0.364262   -0.017692
  0.375653   -0.016392
  0.387025   -0.015096
  0.398373   -0.013808
  0.409696   -0.012530
  0.420994   -0.011265
  0.432268   -0.010014
  0.443519   -0.008778
  0.454751   -0.007559
  0.465961   -0.006358
  0.477153   -0.005177
  0.488329   -0.004017
  0.499490   -0.002880
  0.510636   -0.001766
  0.521771   -0.000677
  0.532895    0.000388
  0.544009    0.001428
  0.555112    0.002441
  0.566206    0.003427
  0.577291    0.004387
  0.588366    0.005318
  0.599431    0.006221
  0.610485    0.007095
  0.621526    0.007937
  0.632553    0.008746
  0.643562    0.009519
  0.654546    0.010254
  0.665504    0.010949
  0.676425    0.011601
  0.687304    0.012210
  0.698134    0.012771
  0.708904    0.013285
  0.719608    0.013748
  0.730242    0.014156
  0.740807    0.014510
  0.751305    0.014806
  0.761746    0.015042
  0.772137    0.015216
  0.782493    0.015326
  0.792828    0.015370
  0.803161    0.015344
  0.813511    0.015247
  0.823891    0.015077
  0.834300    0.014830
  0.844727    0.014507
  0.855145    0.014107
  0.865521    0.013628
  0.875804    0.013075
  0.885941    0.012451
  0.895875    0.011764
  0.905549    0.011020
  0.914919    0.010229
  0.923953    0.009400
  0.932636    0.008544
  0.940963    0.007665
  0.948939    0.006772
  0.956574    0.005870
  0.963884    0.004962
  0.970885    0.004053
  0.977594    0.003144
  0.984032    0.002240
  0.990215    0.001338
  0.996160    0.000444
  1.000000   -0.000150
