Df101
  1.000000   -0.000220
  0.996378    0.000281
  0.990187    0.001206
  0.983087    0.002312
  0.975253    0.003555
  0.966935    0.004910
  0.958313    0.006356
  0.949499    0.007864
  0.940571    0.009413
  0.931579    0.010990
  0.922548    0.012588
  0.913489    0.014204
  0.904408    0.015832
  0.895311    0.017467
  0.886213    0.019101
  0.877125    0.020729
  0.868051    0.022347
  0.858993    0.023950
  0.849946    0.025537
  0.840905    0.027106
  0.831868    0.028658
  0.822835    0.030193
  0.813804    0.031708
  0.804775    0.033204
  0.795749    0.034680
  0.786725    0.036135
  0.777705    0.037568
  0.768684    0.038979
  0.759663    0.040366
  0.750640    0.041732
  0.741615    0.043074
  0.732589    0.044392
  0.723559    0.045688
  0.714524    0.046961
  0.705485    0.048211
  0.696443    0.049439
  0.687396    0.050644
  0.678346    0.051827
  0.669290    0.052989
  0.660232    0.054128
  0.651173    0.055246
  0.642111    0.056341
  0.633046    0.057414
  0.623981    0.058464
  0.614916    0.059493
  0.605852    0.060497
  0.596790    0.061477
  0.587728    0.062432
  0.578666    0.063363
  0.569605    0.064268
  0.560545    0.065147
  0.551486    0.066000
  0.542428    0.066825
  0.533372    0.067624
  0.524319    0.068395
  0.515273    0.069137
  0.506233    0.069848
  0.497198    0.070526
  0.488168    0.071172
  0.479143    0.071784
  0.470122    0.072362
  0.461105    0.072904
  0.452091    0.073409
  0.443078    0.073877
  0.434068    0.074309
  0.425060    0.074703
  0.416057    0.075058
  0.407056    0.075374
  0.398056    0.075651
  0.389058    0.075887
  0.380064    0.076084
  0.371074    0.076239
  0.362087    0.076352
  0.353102    0.076424
  0.344119    0.076453
  0.335140    0.076440
  0.326166    0.076384
  0.317195    0.076283
  0.308227    0.076138
  0.299263    0.075949
  0.290306    0.075716
  0.281358    0.075437
  0.272417    0.075111
  0.263485    0.074738
  0.254564    0.074318
  0.245659    0.073848
  0.236771    0.073328
  0.227901    0.072755
  0.219052    0.072128
  0.210231    0.071445
  0.201440    0.070703
  0.192684    0.069898
  0.183966    0.069029
  0.175294    0.068092
  0.166675    0.067083
  0.158114    0.065995
  0.149618    0.064827
  0.141197    0.063571
  0.132861    0.062223
  0.124614    0.060775
  0.116467    0.059223
  0.108433    0.057559
  0.100519    0.055776
  0.092732    0.053869
  0.085088    0.051834
  0.077605    0.049669
  0.070304    0.047373
  0.063220    0.044953
  0.056395    0.042413
  0.049867    0.039764
  0.043689    0.037034
  0.037926    0.034260
  0.032636    0.031491
  0.027873    0.028791
  0.023667    0.026206
  0.020003    0.023766
  0.016841    0.021493
  0.014126    0.019389
  0.011798    0.017446
  0.009798    0.015650
  0.008073    0.013989
  0.006581    0.012447
  0.005290    0.011007
  0.004176    0.009648
  0.003221    0.008358
  0.002407    0.007124
  0.001719    0.005941
  0.001147    0.004802
  0.000685    0.003703
  0.000336    0.002639
  0.000106    0.001608
  0.000001    0.000607
  0.000024   -0.000374
  0.000187   -0.001365
  0.000503   -0.002375
  0.000972   -0.003384
  0.001584   -0.004384
  0.002335   -0.005380
  0.003221   -0.006372
  0.004249   -0.007365
  0.005428   -0.008358
  0.006778   -0.009351
  0.008321   -0.010344
  0.010088   -0.011341
  0.012117   -0.012354
  0.014456   -0.013407
  0.017166   -0.014534
  0.020318   -0.015769
  0.023988   -0.017125
  0.028241   -0.018586
  0.033134   -0.020116
  0.038696   -0.021683
  0.044907   -0.023259
  0.051691   -0.024815
  0.058927   -0.026321
  0.066479   -0.027742
  0.074255   -0.029048
  0.082211   -0.030232
  0.090309   -0.031295
  0.098527   -0.032243
  0.106848   -0.033080
  0.115252   -0.033814
  0.123721   -0.034448
  0.132254   -0.034984
  0.140849   -0.035429
  0.149502   -0.035790
  0.158207   -0.036072
  0.166967   -0.036281
  0.175776   -0.036424
  0.184629   -0.036507
  0.193518   -0.036533
  0.202445   -0.036506
  0.211409   -0.036433
  0.220407   -0.036318
  0.229435   -0.036164
  0.238491   -0.035977
  0.247576   -0.035758
  0.256688   -0.035514
  0.265820   -0.035249
  0.274967   -0.034963
  0.284131   -0.034659
  0.293311   -0.034339
  0.302505   -0.034005
  0.311711   -0.033661
  0.320925   -0.033307
  0.330148   -0.032944
  0.339381   -0.032574
  0.348622   -0.032198
  0.357866   -0.031818
  0.367110   -0.031434
  0.376354   -0.031045
  0.385598   -0.030651
  0.394844   -0.030253
  0.404090   -0.029851
  0.413334   -0.029444
  0.422577   -0.029032
  0.431822   -0.028615
  0.441069   -0.028194
  0.450317   -0.027769
  0.459565   -0.027341
  0.468810   -0.026909
  0.478054   -0.026472
  0.487299   -0.026031
  0.496544   -0.025585
  0.505789   -0.025135
  0.515035   -0.024681
  0.524282   -0.024223
  0.533533   -0.023760
  0.542789   -0.023295
  0.552049   -0.022827
  0.561311   -0.022358
  0.570575   -0.021887
  0.579841   -0.021415
  0.589108   -0.020943
  0.598375   -0.020470
  0.607642   -0.019998
  0.616908   -0.019527
  0.626172   -0.019057
  0.635432   -0.018588
  0.644687   -0.018122
  0.653939   -0.017659
  0.663190   -0.017200
  0.672440   -0.016745
  0.681689   -0.016292
  0.690938   -0.015844
  0.700188   -0.015399
  0.709441   -0.014958
  0.718697   -0.014520
  0.727955   -0.014084
  0.737216   -0.013650
  0.746478   -0.013218
  0.755743   -0.012787
  0.765009   -0.012356
  0.774270   -0.011924
  0.783527   -0.011491
  0.792776   -0.011056
  0.802015   -0.010617
  0.811245   -0.010172
  0.820467   -0.009721
  0.829683   -0.009261
  0.838892   -0.008794
  0.848095   -0.008316
  0.857294   -0.007828
  0.866495   -0.007328
  0.875695   -0.006819
  0.884898   -0.006298
  0.894105   -0.005768
  0.903315   -0.005230
  0.912525   -0.004684
  0.921731   -0.004132
  0.930914   -0.003580
  0.940042   -0.003038
  0.949086   -0.002518
  0.958011   -0.002031
  0.966745   -0.001580
  0.975134   -0.001170
  0.982975   -0.000829
  0.990098   -0.000581
  0.996348   -0.000375
  1.000000   -0.000220
