Vega Root
  1.000000    0.002310
  0.995584    0.003695
  0.988704    0.005855
  0.981485    0.008120
  0.973899    0.010501
  0.965912    0.013007
  0.957493    0.015649
  0.948608    0.018436
  0.939233    0.021378
  0.929347    0.024479
  0.918947    0.027743
  0.908049    0.031162
  0.896705    0.034722
  0.884997    0.038393
  0.873029    0.042137
  0.860911    0.045915
  0.848739    0.049688
  0.836589    0.053426
  0.824511    0.057109
  0.812529    0.060724
  0.800639    0.064266
  0.788820    0.067738
  0.777042    0.071146
  0.765284    0.074496
  0.753529    0.077790
  0.741770    0.081030
  0.730007    0.084213
  0.718246    0.087337
  0.706497    0.090396
  0.694781    0.093385
  0.683118    0.096296
  0.671525    0.099121
  0.660011    0.101853
  0.648575    0.104491
  0.637212    0.107031
  0.625909    0.109474
  0.614650    0.111821
  0.603413    0.114072
  0.592168    0.116229
  0.580886    0.118299
  0.569548    0.120288
  0.558140    0.122201
  0.546659    0.124041
  0.535108    0.125808
  0.523503    0.127505
  0.511870    0.129129
  0.500247    0.130679
  0.488676    0.132152
  0.477201    0.133538
  0.465847    0.134827
  0.454629    0.136013
  0.443549    0.137092
  0.432598    0.138060
  0.421758    0.138915
  0.411007    0.139655
  0.400316    0.140277
  0.389648    0.140782
  0.378970    0.141169
  0.368262    0.141443
  0.357511    0.141604
  0.346720    0.141654
  0.335900    0.141594
  0.325077    0.141427
  0.314291    0.141154
  0.303589    0.140782
  0.293027    0.140318
  0.282661    0.139759
  0.272528    0.139100
  0.262644    0.138336
  0.253012    0.137462
  0.243624    0.136478
  0.234464    0.135378
  0.225510    0.134159
  0.216739    0.132815
  0.208124    0.131341
  0.199637    0.129728
  0.191248    0.127972
  0.182937    0.126072
  0.174700    0.124038
  0.166549    0.121881
  0.158509    0.119616
  0.150620    0.117265
  0.142925    0.114850
  0.135466    0.112384
  0.128269    0.109873
  0.121343    0.107322
  0.114690    0.104735
  0.108302    0.102110
  0.102164    0.099449
  0.096264    0.096750
  0.090586    0.094024
  0.085132    0.091293
  0.079911    0.088580
  0.074937    0.085914
  0.070227    0.083313
  0.065791    0.080772
  0.061628    0.078277
  0.057722    0.075813
  0.054054    0.073367
  0.050605    0.070925
  0.047353    0.068478
  0.044279    0.066025
  0.041366    0.063576
  0.038600    0.061135
  0.035970    0.058710
  0.033470    0.056307
  0.031093    0.053933
  0.028831    0.051593
  0.026679    0.049292
  0.024632    0.047035
  0.022687    0.044823
  0.020836    0.042651
  0.019076    0.040518
  0.017403    0.038423
  0.015816    0.036367
  0.014309    0.034349
  0.012882    0.032370
  0.011530    0.030432
  0.010255    0.028537
  0.009062    0.026686
  0.007951    0.024880
  0.006921    0.023116
  0.005970    0.021393
  0.005097    0.019708
  0.004299    0.018057
  0.003574    0.016439
  0.002919    0.014850
  0.002333    0.013287
  0.001815    0.011748
  0.001363    0.010231
  0.000976    0.008732
  0.000653    0.007248
  0.000394    0.005780
  0.000199    0.004323
  0.000067    0.002875
  0.000001    0.001435
  0.000000    0.000000
  0.000067   -0.001433
  0.000202   -0.002865
  0.000405   -0.004298
  0.000677   -0.005728
  0.001015   -0.007157
  0.001420   -0.008582
  0.001892   -0.010003
  0.002431   -0.011417
  0.003038   -0.012822
  0.003715   -0.014215
  0.004464   -0.015595
  0.005285   -0.016956
  0.006183   -0.018296
  0.007160   -0.019610
  0.008219   -0.020892
  0.009365   -0.022135
  0.010601   -0.023332
  0.011932   -0.024474
  0.013364   -0.025550
  0.014899   -0.026556
  0.016540   -0.027497
  0.018286   -0.028382
  0.020136   -0.029217
  0.022089   -0.030014
  0.024139   -0.030786
  0.026282   -0.031547
  0.028515   -0.032306
  0.030843   -0.033060
  0.033271   -0.033809
  0.035805   -0.034550
  0.038451   -0.035281
  0.041217   -0.036000
  0.044109   -0.036703
  0.047138   -0.037390
  0.050316   -0.038057
  0.053656   -0.038703
  0.057178   -0.039326
  0.060900   -0.039929
  0.064842   -0.040512
  0.069028   -0.041077
  0.073479   -0.041626
  0.078214   -0.042165
  0.083250   -0.042689
  0.088606   -0.043193
  0.094297   -0.043665
  0.100348   -0.044093
  0.106793   -0.044468
  0.113672   -0.044784
  0.121029   -0.045039
  0.128903   -0.045237
  0.137319   -0.045382
  0.146276   -0.045486
  0.155731   -0.045567
  0.165595   -0.045625
  0.175759   -0.045644
  0.186124   -0.045603
  0.196630   -0.045484
  0.207264   -0.045266
  0.218058   -0.044947
  0.229051   -0.044533
  0.240278   -0.044031
  0.251770   -0.043450
  0.263548   -0.042800
  0.275629   -0.042093
  0.288009   -0.041346
  0.300664   -0.040576
  0.313547   -0.039807
  0.326594   -0.039042
  0.339743   -0.038287
  0.352944   -0.037546
  0.366155   -0.036820
  0.379348   -0.036111
  0.392511   -0.035420
  0.405642   -0.034746
  0.418755   -0.034088
  0.431859   -0.033440
  0.444965   -0.032796
  0.458083   -0.032155
  0.471220   -0.031511
  0.484379   -0.030859
  0.497566   -0.030196
  0.510783   -0.029516
  0.524031   -0.028821
  0.537311   -0.028111
  0.550618   -0.027389
  0.563952   -0.026656
  0.577306   -0.025914
  0.590676   -0.025165
  0.604054   -0.024410
  0.617429   -0.023654
  0.630795   -0.022896
  0.644145   -0.022142
  0.657476   -0.021393
  0.670784   -0.020651
  0.684067   -0.019920
  0.697329   -0.019200
  0.710567   -0.018494
  0.723790   -0.017802
  0.736997   -0.017118
  0.750193   -0.016444
  0.763382   -0.015776
  0.776568   -0.015111
  0.789752   -0.014449
  0.802942   -0.013787
  0.816135   -0.013121
  0.829321   -0.012451
  0.842458   -0.011776
  0.855483   -0.011097
  0.868319   -0.010414
  0.880874   -0.009733
  0.893064   -0.009056
  0.904809   -0.008386
  0.916054   -0.007729
  0.926771   -0.007087
  0.936956   -0.006464
  0.946624   -0.005859
  0.955799   -0.005275
  0.964512   -0.004711
  0.972795   -0.004165
  0.980681   -0.003637
  0.988200   -0.003125
  0.995383   -0.002632
  1.000000   -0.002310
