DS_1
  1.000000    0.000940
  0.999940    0.000957
  0.999750    0.000998
  0.999440    0.001063
  0.998440    0.001286
  0.996950    0.001603
  0.994960    0.002033
  0.992480    0.002564
  0.989510    0.003192
  0.986050    0.003915
  0.982100    0.004731
  0.977680    0.005625
  0.972770    0.006607
  0.967400    0.007672
  0.961560    0.008808
  0.955260    0.010010
  0.948510    0.011271
  0.941310    0.012586
  0.933670    0.013940
  0.925600    0.015341
  0.917100    0.016775
  0.908190    0.018247
  0.898870    0.019739
  0.889150    0.021258
  0.879050    0.022800
  0.868560    0.024356
  0.857710    0.025918
  0.846510    0.027489
  0.834960    0.029066
  0.823070    0.030639
  0.810860    0.032219
  0.798350    0.033781
  0.785530    0.035340
  0.772430    0.036902
  0.759060    0.038433
  0.745430    0.039954
  0.731560    0.041451
  0.717450    0.042906
  0.703130    0.044322
  0.688600    0.045684
  0.673890    0.047005
  0.659010    0.048275
  0.643960    0.049511
  0.628770    0.050712
  0.613460    0.051894
  0.598030    0.053042
  0.582500    0.054157
  0.566890    0.055243
  0.551220    0.056285
  0.535490    0.057257
  0.519730    0.058158
  0.503950    0.058997
  0.488160    0.059758
  0.472390    0.060462
  0.456640    0.061088
  0.440940    0.061640
  0.425290    0.062110
  0.409720    0.062523
  0.394240    0.062864
  0.378870    0.063135
  0.363610    0.063332
  0.348500    0.063450
  0.333530    0.063477
  0.318730    0.063412
  0.304110    0.063265
  0.289690    0.063016
  0.275470    0.062684
  0.261480    0.062251
  0.247720    0.061719
  0.234220    0.061108
  0.220990    0.060382
  0.208030    0.059558
  0.195360    0.058624
  0.182990    0.057587
  0.170950    0.056444
  0.165040    0.055839
  0.159220    0.055209
  0.153490    0.054553
  0.147850    0.053874
  0.142290    0.053182
  0.136820    0.052455
  0.131440    0.051715
  0.126150    0.050952
  0.120950    0.050166
  0.115850    0.049356
  0.110850    0.048532
  0.105940    0.047682
  0.101130    0.046806
  0.096420    0.045915
  0.091810    0.044999
  0.087310    0.044061
  0.082900    0.043112
  0.078600    0.042146
  0.074400    0.041173
  0.070310    0.040185
  0.066330    0.039190
  0.062460    0.038176
  0.058690    0.037154
  0.055040    0.036113
  0.051490    0.035071
  0.048060    0.034000
  0.044740    0.032925
  0.041530    0.031826
  0.038440    0.030711
  0.035460    0.029577
  0.032600    0.028415
  0.029850    0.027234
  0.027230    0.026045
  0.024720    0.024829
  0.022330    0.023598
  0.020050    0.022357
  0.017900    0.021113
  0.015870    0.019866
  0.013950    0.018614
  0.012160    0.017366
  0.010490    0.016130
  0.008950    0.014921
  0.007520    0.013696
  0.006220    0.012457
  0.005040    0.011173
  0.003980    0.009866
  0.003050    0.008543
  0.002240    0.007229
  0.001560    0.005922
  0.001000    0.004649
  0.000560    0.003410
  0.000250    0.002217
  0.000060    0.001081
  0.000000    0.000000
  0.000060   -0.001019
  0.000250   -0.001963
  0.000560   -0.002850
  0.001000   -0.003671
  0.001560   -0.004438
  0.002240   -0.005171
  0.003050   -0.005857
  0.003980   -0.006534
  0.005040   -0.007207
  0.006220   -0.007903
  0.007520   -0.008604
  0.008950   -0.009319
  0.010490   -0.010010
  0.012160   -0.010674
  0.013950   -0.011306
  0.015870   -0.011914
  0.017900   -0.012507
  0.020050   -0.013083
  0.022330   -0.013642
  0.024720   -0.014191
  0.027230   -0.014735
  0.029850   -0.015266
  0.032600   -0.015805
  0.035460   -0.016343
  0.038440   -0.016869
  0.041530   -0.017394
  0.044740   -0.017915
  0.048060   -0.018420
  0.051490   -0.018929
  0.055040   -0.019407
  0.058690   -0.019886
  0.062460   -0.020344
  0.066330   -0.020790
  0.070310   -0.021215
  0.074400   -0.021627
  0.078600   -0.022014
  0.082900   -0.022388
  0.087310   -0.022739
  0.091810   -0.023081
  0.096420   -0.023405
  0.101130   -0.023714
  0.105940   -0.024018
  0.110850   -0.024308
  0.115850   -0.024584
  0.120950   -0.024854
  0.126150   -0.025108
  0.131440   -0.025345
  0.136820   -0.025565
  0.142290   -0.025778
  0.147850   -0.025966
  0.153490   -0.026147
  0.159220   -0.026311
  0.165040   -0.026461
  0.170950   -0.026596
  0.182990   -0.026833
  0.195360   -0.027016
  0.208030   -0.027162
  0.220990   -0.027258
  0.234220   -0.027312
  0.247720   -0.027301
  0.261480   -0.027249
  0.275470   -0.027136
  0.289690   -0.026964
  0.304110   -0.026755
  0.318730   -0.026488
  0.333530   -0.026183
  0.348500   -0.025830
  0.363610   -0.025428
  0.378870   -0.024985
  0.394240   -0.024496
  0.409720   -0.023957
  0.425290   -0.023370
  0.440940   -0.022760
  0.456640   -0.022112
  0.472390   -0.021438
  0.488160   -0.020742
  0.503950   -0.020043
  0.519730   -0.019322
  0.535490   -0.018603
  0.551220   -0.017875
  0.566890   -0.017137
  0.582500   -0.016403
  0.598030   -0.015658
  0.613460   -0.014886
  0.628770   -0.014088
  0.643960   -0.013289
  0.659010   -0.012485
  0.673890   -0.011695
  0.688600   -0.010916
  0.703130   -0.010178
  0.717450   -0.009474
  0.731560   -0.008809
  0.745430   -0.008166
  0.759060   -0.007547
  0.772430   -0.006958
  0.785530   -0.006380
  0.798350   -0.005839
  0.810860   -0.005321
  0.823070   -0.004821
  0.834960   -0.004354
  0.846510   -0.003911
  0.857710   -0.003502
  0.868560   -0.003124
  0.879050   -0.002780
  0.889150   -0.002462
  0.898870   -0.002181
  0.908190   -0.001933
  0.917100   -0.001705
  0.925600   -0.001519
  0.933670   -0.001360
  0.941310   -0.001234
  0.948510   -0.001129
  0.955260   -0.001050
  0.961560   -0.000992
  0.967400   -0.000948
  0.972770   -0.000913
  0.977680   -0.000895
  0.982100   -0.000889
  0.986050   -0.000885
  0.989510   -0.000888
  0.992480   -0.000896
  0.994960   -0.000907
  0.996950   -0.000917
  0.998440   -0.000934
  0.999440   -0.000937
  0.999750   -0.000942
  0.999940   -0.000943
  1.000000   -0.000940
