FournierRF4
  1.000000   -0.000170
  0.996779    0.000568
  0.991351    0.001719
  0.985150    0.002903
  0.978130    0.004126
  0.970322    0.005427
  0.961941    0.006833
  0.953192    0.008334
  0.944217    0.009891
  0.935140    0.011449
  0.925988    0.012990
  0.916815    0.014538
  0.907639    0.016120
  0.898431    0.017725
  0.889224    0.019318
  0.880013    0.020887
  0.870816    0.022436
  0.861663    0.023952
  0.852539    0.025425
  0.843398    0.026858
  0.834218    0.028267
  0.825021    0.029655
  0.815831    0.031014
  0.806629    0.032341
  0.797394    0.033650
  0.788171    0.034960
  0.778991    0.036293
  0.769810    0.037666
  0.760573    0.039079
  0.751287    0.040511
  0.741995    0.041939
  0.732727    0.043348
  0.723494    0.044733
  0.714310    0.046084
  0.705165    0.047394
  0.696027    0.048660
  0.686855    0.049889
  0.677616    0.051095
  0.668316    0.052292
  0.659004    0.053489
  0.649727    0.054697
  0.640490    0.055926
  0.631270    0.057185
  0.622033    0.058478
  0.612754    0.059801
  0.603437    0.061140
  0.594131    0.062474
  0.584872    0.063785
  0.575659    0.065065
  0.566490    0.066308
  0.557361    0.067510
  0.548265    0.068665
  0.539186    0.069772
  0.530096    0.070831
  0.520967    0.071849
  0.511781    0.072834
  0.502543    0.073797
  0.493282    0.074741
  0.484041    0.075663
  0.474852    0.076553
  0.465725    0.077398
  0.456641    0.078191
  0.447570    0.078929
  0.438481    0.079618
  0.429363    0.080264
  0.420233    0.080873
  0.411132    0.081445
  0.402106    0.081972
  0.393187    0.082437
  0.384369    0.082826
  0.375621    0.083127
  0.366901    0.083336
  0.358176    0.083456
  0.349427    0.083491
  0.340642    0.083442
  0.331800    0.083311
  0.322864    0.083104
  0.313799    0.082832
  0.304598    0.082520
  0.295322    0.082191
  0.286098    0.081860
  0.277058    0.081515
  0.268266    0.081122
  0.259689    0.080639
  0.251224    0.080038
  0.242748    0.079306
  0.234169    0.078453
  0.225461    0.077505
  0.216670    0.076485
  0.207866    0.075406
  0.199097    0.074268
  0.190381    0.073067
  0.181741    0.071802
  0.173201    0.070467
  0.164758    0.069047
  0.156367    0.067522
  0.147967    0.065884
  0.139544    0.064149
  0.131152    0.062341
  0.122857    0.060465
  0.114677    0.058504
  0.106592    0.056445
  0.098581    0.054281
  0.090650    0.052024
  0.082858    0.049703
  0.075325    0.047357
  0.068157    0.044988
  0.061370    0.042563
  0.054933    0.040058
  0.048838    0.037482
  0.043113    0.034860
  0.037790    0.032221
  0.032901    0.029608
  0.028477    0.027069
  0.024529    0.024648
  0.021048    0.022372
  0.018000    0.020249
  0.015341    0.018277
  0.013019    0.016449
  0.010986    0.014757
  0.009198    0.013192
  0.007619    0.011743
  0.006220    0.010396
  0.004980    0.009133
  0.003886    0.007936
  0.002930    0.006784
  0.002111    0.005660
  0.001429    0.004550
  0.000886    0.003449
  0.000479    0.002358
  0.000199    0.001281
  0.000037    0.000227
 -0.000020   -0.000796
  0.000025   -0.001807
  0.000182   -0.002832
  0.000475   -0.003861
  0.000922   -0.004867
  0.001536   -0.005830
  0.002317   -0.006735
  0.003251   -0.007579
  0.004328   -0.008372
  0.005540   -0.009133
  0.006889   -0.009878
  0.008386   -0.010622
  0.010046   -0.011373
  0.011894   -0.012135
  0.013961   -0.012908
  0.016287   -0.013695
  0.018920   -0.014498
  0.021920   -0.015325
  0.025352   -0.016181
  0.029283   -0.017068
  0.033773   -0.017971
  0.038866   -0.018870
  0.044585   -0.019736
  0.050940   -0.020541
  0.057939   -0.021276
  0.065546   -0.021962
  0.073619   -0.022610
  0.082005   -0.023198
  0.090651   -0.023718
  0.099520   -0.024194
  0.108495   -0.024641
  0.117458   -0.025047
  0.126371   -0.025390
  0.135252   -0.025659
  0.144131   -0.025852
  0.153039   -0.025973
  0.161995   -0.026027
  0.171002   -0.026023
  0.180059   -0.025963
  0.189177   -0.025849
  0.198386   -0.025689
  0.207702   -0.025499
  0.217061   -0.025308
  0.226419   -0.025135
  0.235801   -0.024983
  0.245194   -0.024840
  0.254546   -0.024683
  0.263874   -0.024498
  0.273229   -0.024281
  0.282645   -0.024044
  0.292082   -0.023807
  0.301511   -0.023584
  0.310946   -0.023371
  0.320369   -0.023159
  0.329756   -0.022932
  0.339128   -0.022680
  0.348523   -0.022405
  0.357950   -0.022118
  0.367364   -0.021834
  0.376750   -0.021567
  0.386124   -0.021324
  0.395516   -0.021101
  0.404933   -0.020891
  0.414324   -0.020680
  0.423653   -0.020452
  0.432934   -0.020193
  0.442207   -0.019897
  0.451520   -0.019564
  0.460905   -0.019204
  0.470354   -0.018833
  0.479823   -0.018462
  0.489305   -0.018100
  0.498810   -0.017743
  0.508335   -0.017388
  0.517862   -0.017033
  0.527382   -0.016678
  0.536886   -0.016326
  0.546370   -0.015982
  0.555837   -0.015647
  0.565289   -0.015323
  0.574728   -0.015012
  0.584157   -0.014716
  0.593583   -0.014435
  0.603023   -0.014169
  0.612474   -0.013911
  0.621912   -0.013651
  0.631317   -0.013377
  0.640710   -0.013082
  0.650127   -0.012765
  0.659580   -0.012436
  0.669041   -0.012108
  0.678504   -0.011788
  0.687971   -0.011475
  0.697426   -0.011159
  0.706865   -0.010829
  0.716309   -0.010487
  0.725740   -0.010144
  0.735145   -0.009817
  0.744546   -0.009511
  0.753974   -0.009221
  0.763420   -0.008934
  0.772855   -0.008637
  0.782286   -0.008325
  0.791727   -0.007998
  0.801182   -0.007659
  0.810651   -0.007311
  0.820117   -0.006960
  0.829556   -0.006618
  0.838972   -0.006293
  0.848378   -0.005980
  0.857750   -0.005661
  0.867085   -0.005315
  0.876438   -0.004941
  0.885781   -0.004569
  0.895086   -0.004228
  0.904411   -0.003920
  0.913763   -0.003627
  0.923074   -0.003330
  0.932294   -0.003009
  0.941437   -0.002645
  0.950543   -0.002236
  0.959556   -0.001818
  0.968304   -0.001433
  0.976608   -0.001085
  0.984211   -0.000755
  0.990912   -0.000475
  0.996663   -0.000271
  1.000000   -0.000170
