JH09
  1.000000    0.000000
  0.996640    0.000110
  0.990640    0.000349
  0.983570    0.000709
  0.975710    0.001178
  0.967360    0.001718
  0.958780    0.002287
  0.950100    0.002897
  0.941370    0.003516
  0.932610    0.004165
  0.923850    0.004815
  0.915090    0.005484
  0.906340    0.006163
  0.897600    0.006853
  0.888880    0.007572
  0.880150    0.008302
  0.871420    0.009061
  0.862680    0.009830
  0.853930    0.010620
  0.845170    0.011429
  0.836420    0.012239
  0.827650    0.013068
  0.818890    0.013907
  0.810120    0.014757
  0.801360    0.015626
  0.792590    0.016495
  0.783820    0.017375
  0.775050    0.018264
  0.766280    0.019164
  0.757520    0.020073
  0.748740    0.020992
  0.739970    0.021922
  0.731200    0.022861
  0.722430    0.023801
  0.713640    0.024750
  0.704850    0.025709
  0.696050    0.026679
  0.687240    0.027638
  0.678430    0.028597
  0.669620    0.029567
  0.660810    0.030526
  0.652010    0.031486
  0.643200    0.032435
  0.634400    0.033394
  0.625600    0.034344
  0.616810    0.035293
  0.608030    0.036233
  0.599270    0.037162
  0.590520    0.038081
  0.581780    0.038981
  0.573050    0.039870
  0.564340    0.040740
  0.555640    0.041579
  0.546960    0.042408
  0.538280    0.043198
  0.529600    0.043967
  0.520920    0.044696
  0.512240    0.045416
  0.503550    0.046095
  0.494840    0.046755
  0.486120    0.047394
  0.477400    0.048013
  0.468670    0.048613
  0.459930    0.049202
  0.451200    0.049762
  0.442470    0.050301
  0.433740    0.050810
  0.425010    0.051310
  0.416280    0.051789
  0.407560    0.052239
  0.398830    0.052678
  0.390100    0.053087
  0.381370    0.053467
  0.372640    0.053836
  0.363920    0.054175
  0.355200    0.054495
  0.346470    0.054784
  0.337750    0.055054
  0.329040    0.055303
  0.320340    0.055522
  0.311640    0.055712
  0.302960    0.055861
  0.294280    0.055991
  0.285620    0.056080
  0.276970    0.056139
  0.268330    0.056159
  0.259690    0.056138
  0.251070    0.056078
  0.242450    0.055977
  0.233850    0.055836
  0.225260    0.055636
  0.216690    0.055405
  0.208130    0.055115
  0.199610    0.054774
  0.191100    0.054383
  0.182610    0.053923
  0.174140    0.053412
  0.165710    0.052832
  0.157320    0.052191
  0.148960    0.051470
  0.140640    0.050670
  0.132380    0.049789
  0.124170    0.048819
  0.116010    0.047758
  0.107930    0.046608
  0.099920    0.045347
  0.092010    0.043976
  0.084200    0.042486
  0.076530    0.040875
  0.069000    0.039135
  0.061650    0.037254
  0.054520    0.035234
  0.047650    0.033083
  0.041100    0.030793
  0.034940    0.028392
  0.029260    0.025912
  0.024130    0.023412
  0.019640    0.020961
  0.015830    0.018661
  0.012670    0.016541
  0.010080    0.014581
  0.007980    0.012751
  0.006250    0.011050
  0.004840    0.009450
  0.003690    0.007970
  0.002740    0.006590
  0.001960    0.005310
  0.001310    0.004120
  0.000780    0.003010
  0.000380    0.001960
  0.000120    0.000960
  0.000000    0.000000
  0.000040   -0.000930
  0.000240   -0.001870
  0.000620   -0.002810
  0.001190   -0.003710
  0.001960   -0.004550
  0.002930   -0.005310
  0.004100   -0.005980
  0.005480   -0.006600
  0.007090   -0.007190
  0.008990   -0.007769
  0.011240   -0.008369
  0.013950   -0.008999
  0.017290   -0.009639
  0.021460   -0.010328
  0.026670   -0.011058
  0.033030   -0.011878
  0.040400   -0.012747
  0.048430   -0.013657
  0.056790   -0.014556
  0.065260   -0.015445
  0.073730   -0.016275
  0.082210   -0.017044
  0.090690   -0.017764
  0.099170   -0.018403
  0.107680   -0.018992
  0.116240   -0.019532
  0.124830   -0.020031
  0.133460   -0.020491
  0.142110   -0.020910
  0.150780   -0.021299
  0.159450   -0.021659
  0.168120   -0.021988
  0.176780   -0.022288
  0.185460   -0.022547
  0.194140   -0.022776
  0.202840   -0.022966
  0.211540   -0.023145
  0.220250   -0.023285
  0.228950   -0.023404
  0.237640   -0.023493
  0.246340   -0.023553
  0.255040   -0.023572
  0.263760   -0.023582
  0.272490   -0.023551
  0.281220   -0.023510
  0.289970   -0.023440
  0.298720   -0.023349
  0.307490   -0.023238
  0.316270   -0.023118
  0.325060   -0.022977
  0.333850   -0.022827
  0.342630   -0.022666
  0.351420   -0.022485
  0.360200   -0.022295
  0.368980   -0.022084
  0.377760   -0.021864
  0.386540   -0.021623
  0.395340   -0.021372
  0.404140   -0.021112
  0.412930   -0.020831
  0.421730   -0.020550
  0.430520   -0.020250
  0.439320   -0.019939
  0.448120   -0.019619
  0.456930   -0.019288
  0.465750   -0.018947
  0.474570   -0.018607
  0.483390   -0.018246
  0.492210   -0.017886
  0.501040   -0.017525
  0.509880   -0.017154
  0.518710   -0.016774
  0.527550   -0.016393
  0.536370   -0.016002
  0.545200   -0.015612
  0.554030   -0.015221
  0.562850   -0.014821
  0.571680   -0.014410
  0.580500   -0.013989
  0.589310   -0.013569
  0.598130   -0.013138
  0.606950   -0.012708
  0.615780   -0.012257
  0.624620   -0.011816
  0.633460   -0.011366
  0.642300   -0.010905
  0.651150   -0.010454
  0.660000   -0.009994
  0.668840   -0.009533
  0.677690   -0.009083
  0.686530   -0.008622
  0.695370   -0.008171
  0.704200   -0.007731
  0.713030   -0.007280
  0.721850   -0.006849
  0.730670   -0.006419
  0.739480   -0.005988
  0.748280   -0.005578
  0.757090   -0.005177
  0.765910   -0.004786
  0.774740   -0.004396
  0.783560   -0.004005
  0.792380   -0.003625
  0.801200   -0.003254
  0.810000   -0.002893
  0.818790   -0.002543
  0.827560   -0.002212
  0.836340   -0.001891
  0.845100   -0.001591
  0.853870   -0.001300
  0.862630   -0.001040
  0.871410   -0.000789
  0.880190   -0.000548
  0.888970   -0.000328
  0.897740   -0.000117
  0.906500    0.000073
  0.915230    0.000254
  0.923940    0.000405
  0.932610    0.000515
  0.941260    0.000596
  0.949870    0.000636
  0.958440    0.000637
  0.966960    0.000588
  0.975310    0.000508
  0.983290    0.000379
  0.990530    0.000239
  0.996630    0.000090
  1.000000    0.000000
