JH11
  1.000000    0.001090
  0.996810    0.001310
  0.990910    0.001740
  0.983780    0.002300
  0.967490    0.003670
  0.950410    0.005250
  0.933240    0.007000
  0.924630    0.007910
  0.916010    0.008870
  0.907380    0.009850
  0.898750    0.010870
  0.890090    0.011900
  0.881410    0.012980
  0.872720    0.014060
  0.864030    0.015150
  0.855310    0.016270
  0.846580    0.017390
  0.837840    0.018540
  0.829090    0.019680
  0.820350    0.020840
  0.811590    0.021990
  0.802850    0.023140
  0.794100    0.024310
  0.785360    0.025490
  0.776610    0.026650
  0.767860    0.027840
  0.759100    0.029030
  0.750340    0.030210
  0.741600    0.031400
  0.732860    0.032580
  0.724130    0.033730
  0.715390    0.034880
  0.706650    0.036030
  0.697910    0.037160
  0.689180    0.038290
  0.680450    0.039410
  0.671710    0.040520
  0.662980    0.041630
  0.654250    0.042710
  0.645530    0.043790
  0.636820    0.044830
  0.628100    0.045870
  0.619380    0.046900
  0.610670    0.047910
  0.601960    0.048920
  0.593250    0.049880
  0.584540    0.050850
  0.575820    0.051790
  0.567110    0.052710
  0.558400    0.053610
  0.549710    0.054500
  0.541030    0.055350
  0.532350    0.056180
  0.523680    0.056970
  0.515010    0.057760
  0.506340    0.058510
  0.497690    0.059220
  0.489020    0.059900
  0.480360    0.060560
  0.471700    0.061200
  0.463040    0.061780
  0.454380    0.062350
  0.445730    0.062880
  0.437080    0.063380
  0.428440    0.063840
  0.419780    0.064280
  0.411130    0.064670
  0.402500    0.065030
  0.393850    0.065360
  0.385210    0.065640
  0.376570    0.065900
  0.367930    0.066120
  0.359310    0.066280
  0.350680    0.066420
  0.342060    0.066520
  0.333470    0.066570
  0.324890    0.066600
  0.316340    0.066560
  0.307800    0.066460
  0.299270    0.066330
  0.290760    0.066130
  0.282270    0.065870
  0.273780    0.065550
  0.265300    0.065180
  0.256820    0.064750
  0.248340    0.064250
  0.239880    0.063690
  0.231420    0.063080
  0.222960    0.062400
  0.214500    0.061650
  0.206060    0.060840
  0.197630    0.059990
  0.189200    0.059080
  0.180790    0.058090
  0.172390    0.057030
  0.164020    0.055940
  0.155660    0.054760
  0.147320    0.053520
  0.139000    0.052210
  0.130720    0.050850
  0.122480    0.049400
  0.114260    0.047900
  0.106100    0.046330
  0.098000    0.044680
  0.089960    0.042970
  0.082030    0.041190
  0.074250    0.039350
  0.066650    0.037430
  0.059270    0.035420
  0.052140    0.033320
  0.045280    0.031100
  0.038740    0.028770
  0.032580    0.026330
  0.026870    0.023840
  0.021810    0.021380
  0.017520    0.019060
  0.013970    0.016920
  0.011090    0.014930
  0.008750    0.013080
  0.006840    0.011380
  0.005270    0.009770
  0.003970    0.008310
  0.002900    0.006940
  0.002010    0.005660
  0.001290    0.004440
  0.000730    0.003280
  0.000330    0.002150
  0.000090    0.001050
  0.000000    0.000000
  0.000050   -0.001030
  0.000260   -0.002090
  0.000640   -0.003120
  0.001200   -0.004130
  0.001980   -0.005040
  0.002970   -0.005850
  0.004170   -0.006550
  0.005600   -0.007210
  0.007270   -0.007830
  0.009250   -0.008480
  0.011620   -0.009140
  0.014520   -0.009800
  0.018130   -0.010410
  0.022710   -0.010990
  0.028470   -0.011620
  0.035370   -0.012230
  0.043150   -0.012850
  0.051400   -0.013490
  0.059850   -0.014120
  0.068340   -0.014740
  0.076780   -0.015320
  0.085200   -0.015870
  0.093630   -0.016350
  0.102070   -0.016800
  0.110550   -0.017220
  0.119090   -0.017590
  0.127670   -0.017920
  0.136270   -0.018210
  0.144900   -0.018480
  0.153540   -0.018740
  0.162190   -0.018950
  0.170820   -0.019150
  0.179460   -0.019300
  0.188120   -0.019440
  0.196790   -0.019540
  0.205450   -0.019620
  0.214110   -0.019670
  0.222790   -0.019700
  0.231460   -0.019700
  0.240140   -0.019680
  0.248800   -0.019640
  0.257470   -0.019560
  0.266150   -0.019460
  0.274850   -0.019340
  0.283570   -0.019220
  0.292290   -0.019050
  0.301030   -0.018880
  0.309780   -0.018700
  0.318540   -0.018500
  0.327300   -0.018290
  0.336060   -0.018080
  0.344820   -0.017860
  0.353580   -0.017610
  0.362340   -0.017390
  0.371100   -0.017110
  0.379860   -0.016860
  0.388620   -0.016580
  0.397380   -0.016290
  0.406150   -0.016010
  0.414920   -0.015700
  0.423690   -0.015400
  0.432470   -0.015080
  0.441240   -0.014770
  0.450020   -0.014430
  0.458810   -0.014100
  0.467610   -0.013780
  0.476400   -0.013430
  0.485200   -0.013100
  0.494000   -0.012740
  0.502800   -0.012400
  0.511620   -0.012060
  0.520440   -0.011710
  0.529260   -0.011380
  0.538050   -0.011030
  0.546860   -0.010700
  0.555660   -0.010340
  0.564470   -0.010000
  0.573260   -0.009660
  0.582050   -0.009320
  0.590840   -0.008950
  0.599640   -0.008600
  0.608450   -0.008240
  0.617270   -0.007870
  0.626080   -0.007510
  0.634890   -0.007150
  0.643700   -0.006790
  0.652530   -0.006430
  0.661360   -0.006070
  0.670190   -0.005720
  0.679030   -0.005350
  0.687850   -0.004990
  0.696670   -0.004650
  0.705480   -0.004290
  0.714280   -0.003970
  0.723070   -0.003640
  0.731860   -0.003320
  0.740630   -0.003030
  0.749420   -0.002710
  0.758210   -0.002440
  0.767010   -0.002150
  0.775810   -0.001900
  0.784620   -0.001640
  0.793420   -0.001390
  0.802210   -0.001140
  0.810980   -0.000910
  0.819750   -0.000680
  0.828500   -0.000480
  0.837230   -0.000290
  0.845970   -0.000120
  0.854710    0.000020
  0.863450    0.000160
  0.872200    0.000270
  0.880960    0.000370
  0.889720    0.000440
  0.898470    0.000520
  0.907200    0.000570
  0.915900    0.000600
  0.924580    0.000600
  0.933220    0.000580
  0.941810    0.000520
  0.950390    0.000410
  0.958930    0.000260
  0.967430    0.000070
  0.975760   -0.000160
  0.983690   -0.000430
  0.990820   -0.000680
  0.996710   -0.000930
  0.999900   -0.001090
