JH12- 8%
  1.000000    0.001020
  0.996810    0.001190
  0.990910    0.001540
  0.983780    0.002000
  0.967490    0.003120
  0.950410    0.004430
  0.933240    0.005900
  0.924630    0.006680
  0.916010    0.007500
  0.907380    0.008330
  0.898750    0.009200
  0.890090    0.010090
  0.881410    0.011020
  0.872720    0.011950
  0.864030    0.012900
  0.855310    0.013870
  0.846580    0.014840
  0.837840    0.015830
  0.829090    0.016830
  0.820350    0.017840
  0.811590    0.018840
  0.802850    0.019840
  0.794100    0.020870
  0.785360    0.021890
  0.776610    0.022920
  0.767860    0.023950
  0.759100    0.025000
  0.750340    0.026030
  0.741600    0.027080
  0.732860    0.028110
  0.724130    0.029140
  0.715390    0.030150
  0.706650    0.031160
  0.697910    0.032160
  0.689180    0.033160
  0.680450    0.034140
  0.671710    0.035130
  0.662980    0.036110
  0.654250    0.037070
  0.645530    0.038020
  0.636820    0.038940
  0.628100    0.039860
  0.619380    0.040780
  0.610670    0.041680
  0.601960    0.042580
  0.593250    0.043440
  0.584540    0.044310
  0.575820    0.045150
  0.567110    0.045990
  0.558400    0.046800
  0.549710    0.047610
  0.541030    0.048390
  0.532350    0.049150
  0.523680    0.049880
  0.515010    0.050600
  0.506340    0.051300
  0.497690    0.051960
  0.489020    0.052600
  0.480360    0.053230
  0.471700    0.053830
  0.463040    0.054380
  0.454380    0.054930
  0.445730    0.055450
  0.437080    0.055940
  0.428440    0.056390
  0.419780    0.056830
  0.411130    0.057230
  0.402500    0.057600
  0.393850    0.057940
  0.385210    0.058250
  0.376570    0.058530
  0.367930    0.058790
  0.359310    0.059000
  0.350680    0.059170
  0.342060    0.059320
  0.333470    0.059430
  0.324890    0.059510
  0.316340    0.059550
  0.307800    0.059520
  0.299270    0.059450
  0.290760    0.059330
  0.282270    0.059170
  0.273780    0.058940
  0.265300    0.058670
  0.256820    0.058340
  0.248340    0.057960
  0.239880    0.057510
  0.231420    0.057010
  0.222960    0.056460
  0.214500    0.055850
  0.206060    0.055180
  0.197630    0.054460
  0.189200    0.053690
  0.180790    0.052850
  0.172390    0.051960
  0.164020    0.051020
  0.155660    0.050010
  0.147320    0.048930
  0.139000    0.047800
  0.130720    0.046620
  0.122480    0.045360
  0.114260    0.044040
  0.106100    0.042650
  0.098000    0.041190
  0.089960    0.039670
  0.082030    0.038100
  0.074250    0.036460
  0.066650    0.034740
  0.059270    0.032930
  0.052140    0.031040
  0.045280    0.029010
  0.038740    0.026870
  0.032580    0.024630
  0.026870    0.022320
  0.021810    0.020040
  0.017520    0.017890
  0.013970    0.015890
  0.011090    0.014030
  0.008750    0.012270
  0.006840    0.010650
  0.005270    0.009170
  0.003970    0.007830
  0.002900    0.006600
  0.002010    0.005420
  0.001290    0.004280
  0.000730    0.003140
  0.000330    0.002040
  0.000090    0.001000
  0.000000    0.000000
  0.000050   -0.000970
  0.000260   -0.001920
  0.000640   -0.002890
  0.001200   -0.003790
  0.001980   -0.004650
  0.002970   -0.005430
  0.004170   -0.006140
  0.005600   -0.006800
  0.007270   -0.007410
  0.009250   -0.007990
  0.011620   -0.008590
  0.014520   -0.009230
  0.018130   -0.009820
  0.022710   -0.010400
  0.028470   -0.011020
  0.035370   -0.011640
  0.043150   -0.012280
  0.051400   -0.012960
  0.059850   -0.013640
  0.068340   -0.014320
  0.076780   -0.014960
  0.085200   -0.015570
  0.093630   -0.016130
  0.102070   -0.016650
  0.110550   -0.017130
  0.119090   -0.017570
  0.127670   -0.017990
  0.136270   -0.018360
  0.144900   -0.018720
  0.153540   -0.019050
  0.162190   -0.019360
  0.170820   -0.019630
  0.179460   -0.019880
  0.188120   -0.020110
  0.196790   -0.020280
  0.205450   -0.020450
  0.214110   -0.020590
  0.222790   -0.020710
  0.231460   -0.020800
  0.240140   -0.020860
  0.248800   -0.020900
  0.257470   -0.020920
  0.266150   -0.020900
  0.274850   -0.020860
  0.283570   -0.020830
  0.292290   -0.020750
  0.301030   -0.020660
  0.309780   -0.020550
  0.318540   -0.020430
  0.327300   -0.020300
  0.336060   -0.020160
  0.344820   -0.020010
  0.353580   -0.019830
  0.362340   -0.019670
  0.371100   -0.019470
  0.379860   -0.019270
  0.388620   -0.019050
  0.397380   -0.018830
  0.406150   -0.018590
  0.414920   -0.018340
  0.423690   -0.018080
  0.432470   -0.017810
  0.441240   -0.017530
  0.450020   -0.017230
  0.458810   -0.016940
  0.467610   -0.016650
  0.476400   -0.016320
  0.485200   -0.016010
  0.494000   -0.015680
  0.502800   -0.015360
  0.511620   -0.015030
  0.520440   -0.014690
  0.529260   -0.014360
  0.538050   -0.014020
  0.546860   -0.013680
  0.555660   -0.013320
  0.564470   -0.012970
  0.573260   -0.012620
  0.582050   -0.012260
  0.590840   -0.011880
  0.599640   -0.011500
  0.608450   -0.011120
  0.617270   -0.010720
  0.626080   -0.010330
  0.634890   -0.009930
  0.643700   -0.009540
  0.652530   -0.009140
  0.661360   -0.008740
  0.670190   -0.008350
  0.679030   -0.007940
  0.687850   -0.007540
  0.696670   -0.007150
  0.705480   -0.006750
  0.714280   -0.006380
  0.723070   -0.006000
  0.731860   -0.005640
  0.740630   -0.005290
  0.749420   -0.004920
  0.758210   -0.004590
  0.767010   -0.004250
  0.775810   -0.003930
  0.784620   -0.003610
  0.793420   -0.003300
  0.802210   -0.002990
  0.810980   -0.002690
  0.819750   -0.002390
  0.828500   -0.002130
  0.837230   -0.001870
  0.845970   -0.001620
  0.854710   -0.001410
  0.863450   -0.001200
  0.872200   -0.001020
  0.880960   -0.000840
  0.889720   -0.000680
  0.898470   -0.000530
  0.907200   -0.000390
  0.915900   -0.000280
  0.924580   -0.000190
  0.933220   -0.000130
  0.941810   -0.000110
  0.950390   -0.000120
  0.958930   -0.000170
  0.967430   -0.000260
  0.975760   -0.000390
  0.983690   -0.000570
  0.990820   -0.000730
  0.996710   -0.000910
  0.999900   -0.001020
