JH13- 2 camb.
  1.000000    0.001020
  0.996810    0.001190
  0.990910    0.001530
  0.983780    0.001970
  0.967490    0.003050
  0.950410    0.004330
  0.933240    0.005760
  0.924630    0.006520
  0.916010    0.007320
  0.907380    0.008130
  0.898750    0.009000
  0.890090    0.009870
  0.881410    0.010780
  0.872720    0.011700
  0.864030    0.012630
  0.855310    0.013590
  0.846580    0.014550
  0.837840    0.015530
  0.829090    0.016510
  0.820350    0.017520
  0.811590    0.018520
  0.802850    0.019510
  0.794100    0.020530
  0.785360    0.021560
  0.776610    0.022570
  0.767860    0.023610
  0.759100    0.024660
  0.750340    0.025690
  0.741600    0.026740
  0.732860    0.027780
  0.724130    0.028800
  0.715390    0.029820
  0.706650    0.030840
  0.697910    0.031850
  0.689180    0.032850
  0.680450    0.033860
  0.671710    0.034850
  0.662980    0.035840
  0.654250    0.036810
  0.645530    0.037790
  0.636820    0.038730
  0.628100    0.039670
  0.619380    0.040610
  0.610670    0.041530
  0.601960    0.042450
  0.593250    0.043330
  0.584540    0.044220
  0.575820    0.045090
  0.567110    0.045940
  0.558400    0.046780
  0.549710    0.047610
  0.541030    0.048410
  0.532350    0.049180
  0.523680    0.049930
  0.515010    0.050670
  0.506340    0.051380
  0.497690    0.052060
  0.489020    0.052720
  0.480360    0.053360
  0.471700    0.053970
  0.463040    0.054540
  0.454380    0.055110
  0.445730    0.055630
  0.437080    0.056130
  0.428440    0.056600
  0.419780    0.057050
  0.411130    0.057450
  0.402500    0.057830
  0.393850    0.058180
  0.385210    0.058490
  0.376570    0.058780
  0.367930    0.059040
  0.359310    0.059250
  0.350680    0.059440
  0.342060    0.059590
  0.333470    0.059700
  0.324890    0.059790
  0.316340    0.059820
  0.307800    0.059790
  0.299270    0.059730
  0.290760    0.059610
  0.282270    0.059440
  0.273780    0.059220
  0.265300    0.058940
  0.256820    0.058610
  0.248340    0.058210
  0.239880    0.057770
  0.231420    0.057270
  0.222960    0.056710
  0.214500    0.056090
  0.206060    0.055410
  0.197630    0.054700
  0.189200    0.053920
  0.180790    0.053080
  0.172390    0.052170
  0.164020    0.051230
  0.155660    0.050200
  0.147320    0.049130
  0.139000    0.047980
  0.130720    0.046790
  0.122480    0.045510
  0.114260    0.044180
  0.106100    0.042790
  0.098000    0.041320
  0.089960    0.039810
  0.082030    0.038210
  0.074250    0.036560
  0.066650    0.034830
  0.059270    0.033010
  0.052140    0.031100
  0.045280    0.029060
  0.038740    0.026930
  0.032580    0.024670
  0.026870    0.022360
  0.021810    0.020070
  0.017520    0.017910
  0.013970    0.015900
  0.011090    0.014040
  0.008750    0.012300
  0.006840    0.010700
  0.005270    0.009180
  0.003970    0.007800
  0.002900    0.006520
  0.002010    0.005310
  0.001290    0.004160
  0.000730    0.003070
  0.000330    0.002010
  0.000090    0.000980
  0.000000    0.000000
  0.000050   -0.000980
  0.000260   -0.001980
  0.000640   -0.002950
  0.001200   -0.003900
  0.001980   -0.004750
  0.002970   -0.005510
  0.004170   -0.006170
  0.005600   -0.006780
  0.007270   -0.007360
  0.009250   -0.007970
  0.011620   -0.008590
  0.014520   -0.009210
  0.018130   -0.009800
  0.022710   -0.010370
  0.028470   -0.010980
  0.035370   -0.011590
  0.043150   -0.012230
  0.051400   -0.012900
  0.059850   -0.013560
  0.068340   -0.014230
  0.076780   -0.014850
  0.085200   -0.015460
  0.093630   -0.016000
  0.102070   -0.016510
  0.110550   -0.016990
  0.119090   -0.017430
  0.127670   -0.017830
  0.136270   -0.018190
  0.144900   -0.018530
  0.153540   -0.018860
  0.162190   -0.019150
  0.170820   -0.019430
  0.179460   -0.019660
  0.188120   -0.019880
  0.196790   -0.020050
  0.205450   -0.020220
  0.214110   -0.020350
  0.222790   -0.020450
  0.231460   -0.020540
  0.240140   -0.020600
  0.248800   -0.020640
  0.257470   -0.020650
  0.266150   -0.020630
  0.274850   -0.020590
  0.283570   -0.020550
  0.292290   -0.020470
  0.301030   -0.020380
  0.309780   -0.020280
  0.318540   -0.020160
  0.327300   -0.020030
  0.336060   -0.019890
  0.344820   -0.019750
  0.353580   -0.019580
  0.362340   -0.019420
  0.371100   -0.019210
  0.379860   -0.019030
  0.388620   -0.018820
  0.397380   -0.018590
  0.406150   -0.018370
  0.414920   -0.018120
  0.423690   -0.017880
  0.432470   -0.017600
  0.441240   -0.017340
  0.450020   -0.017060
  0.458810   -0.016780
  0.467610   -0.016500
  0.476400   -0.016190
  0.485200   -0.015900
  0.494000   -0.015580
  0.502800   -0.015270
  0.511620   -0.014950
  0.520440   -0.014630
  0.529260   -0.014320
  0.538050   -0.013990
  0.546860   -0.013680
  0.555660   -0.013340
  0.564470   -0.013010
  0.573260   -0.012680
  0.582050   -0.012340
  0.590840   -0.011980
  0.599640   -0.011630
  0.608450   -0.011260
  0.617270   -0.010890
  0.626080   -0.010510
  0.634890   -0.010150
  0.643700   -0.009770
  0.652530   -0.009380
  0.661360   -0.009010
  0.670190   -0.008630
  0.679030   -0.008230
  0.687850   -0.007840
  0.696670   -0.007470
  0.705480   -0.007070
  0.714280   -0.006710
  0.723070   -0.006340
  0.731860   -0.005970
  0.740630   -0.005630
  0.749420   -0.005260
  0.758210   -0.004940
  0.767010   -0.004590
  0.775810   -0.004280
  0.784620   -0.003960
  0.793420   -0.003630
  0.802210   -0.003320
  0.810980   -0.003020
  0.819750   -0.002710
  0.828500   -0.002440
  0.837230   -0.002170
  0.845970   -0.001920
  0.854710   -0.001690
  0.863450   -0.001470
  0.872200   -0.001270
  0.880960   -0.001080
  0.889720   -0.000910
  0.898470   -0.000740
  0.907200   -0.000590
  0.915900   -0.000450
  0.924580   -0.000350
  0.933220   -0.000270
  0.941810   -0.000220
  0.950390   -0.000220
  0.958930   -0.000260
  0.967430   -0.000330
  0.975760   -0.000450
  0.983690   -0.000610
  0.990820   -0.000750
  0.996710   -0.000920
  0.999900   -0.001020
