JH14- 8 %
  1.000000    0.000560
  0.996810    0.000790
  0.990910    0.001250
  0.983780    0.001820
  0.967490    0.003210
  0.950410    0.004780
  0.933240    0.006490
  0.924630    0.007380
  0.916010    0.008300
  0.907380    0.009240
  0.898750    0.010220
  0.890090    0.011200
  0.881410    0.012220
  0.872720    0.013250
  0.864030    0.014290
  0.855310    0.015340
  0.846580    0.016400
  0.837840    0.017470
  0.829090    0.018530
  0.820350    0.019620
  0.811590    0.020700
  0.802850    0.021770
  0.794100    0.022860
  0.785360    0.023950
  0.776610    0.025030
  0.767860    0.026130
  0.759100    0.027230
  0.750340    0.028320
  0.741600    0.029410
  0.732860    0.030500
  0.724130    0.031560
  0.715390    0.032620
  0.706650    0.033670
  0.697910    0.034710
  0.689180    0.035740
  0.680450    0.036770
  0.671710    0.037780
  0.662980    0.038790
  0.654250    0.039780
  0.645530    0.040760
  0.636820    0.041710
  0.628100    0.042650
  0.619380    0.043580
  0.610670    0.044500
  0.601960    0.045410
  0.593250    0.046280
  0.584540    0.047150
  0.575820    0.047990
  0.567110    0.048820
  0.558400    0.049620
  0.549710    0.050420
  0.541030    0.051180
  0.532350    0.051910
  0.523680    0.052620
  0.515010    0.053310
  0.506340    0.053970
  0.497690    0.054600
  0.489020    0.055200
  0.480360    0.055770
  0.471700    0.056320
  0.463040    0.056820
  0.454380    0.057310
  0.445730    0.057760
  0.437080    0.058190
  0.428440    0.058570
  0.419780    0.058940
  0.411130    0.059260
  0.402500    0.059550
  0.393850    0.059810
  0.385210    0.060030
  0.376570    0.060220
  0.367930    0.060380
  0.359310    0.060500
  0.350680    0.060580
  0.342060    0.060630
  0.333470    0.060630
  0.324890    0.060620
  0.316340    0.060540
  0.307800    0.060400
  0.299270    0.060240
  0.290760    0.060010
  0.282270    0.059740
  0.273780    0.059400
  0.265300    0.059020
  0.256820    0.058580
  0.248340    0.058080
  0.239880    0.057540
  0.231420    0.056940
  0.222960    0.056280
  0.214500    0.055560
  0.206060    0.054790
  0.197630    0.053980
  0.189200    0.053110
  0.180790    0.052180
  0.172390    0.051180
  0.164020    0.050150
  0.155660    0.049050
  0.147320    0.047900
  0.139000    0.046680
  0.130720    0.045420
  0.122480    0.044070
  0.114260    0.042690
  0.106100    0.041240
  0.098000    0.039730
  0.089960    0.038170
  0.082030    0.036540
  0.074250    0.034880
  0.066650    0.033130
  0.059270    0.031310
  0.052140    0.029410
  0.045280    0.027400
  0.038740    0.025310
  0.032580    0.023110
  0.026870    0.020870
  0.021810    0.018660
  0.017520    0.016590
  0.013970    0.014680
  0.011090    0.012910
  0.008750    0.011280
  0.006840    0.009780
  0.005270    0.008360
  0.003970    0.007090
  0.002900    0.005900
  0.002010    0.004790
  0.001290    0.003750
  0.000730    0.002760
  0.000330    0.001810
  0.000090    0.000880
  0.000000    0.000000
  0.000150   -0.000800
  0.000480   -0.001610
  0.001000   -0.002420
  0.001710   -0.003210
  0.002600   -0.003970
  0.003680   -0.004690
  0.004990   -0.005390
  0.006560   -0.006060
  0.008440   -0.006700
  0.010720   -0.007350
  0.013520   -0.008010
  0.017020   -0.008710
  0.021440   -0.009450
  0.026970   -0.010270
  0.033540   -0.011150
  0.040870   -0.012030
  0.048640   -0.012870
  0.056700   -0.013640
  0.064940   -0.014370
  0.073260   -0.015050
  0.081600   -0.015670
  0.089970   -0.016230
  0.098360   -0.016740
  0.106790   -0.017190
  0.115250   -0.017590
  0.123760   -0.017960
  0.132300   -0.018280
  0.140860   -0.018580
  0.149430   -0.018850
  0.158010   -0.019090
  0.166600   -0.019300
  0.175210   -0.019480
  0.183830   -0.019640
  0.192460   -0.019790
  0.201080   -0.019910
  0.209710   -0.020010
  0.218340   -0.020080
  0.226980   -0.020140
  0.235620   -0.020180
  0.244270   -0.020200
  0.252910   -0.020200
  0.261560   -0.020180
  0.270220   -0.020140
  0.278890   -0.020090
  0.287570   -0.020020
  0.296260   -0.019950
  0.304950   -0.019860
  0.313650   -0.019760
  0.322340   -0.019660
  0.331040   -0.019540
  0.339740   -0.019410
  0.348450   -0.019280
  0.357160   -0.019130
  0.365860   -0.018980
  0.374560   -0.018820
  0.383270   -0.018650
  0.391980   -0.018470
  0.400700   -0.018290
  0.409420   -0.018090
  0.418140   -0.017890
  0.426850   -0.017690
  0.435570   -0.017480
  0.444280   -0.017260
  0.453000   -0.017030
  0.461720   -0.016800
  0.470440   -0.016570
  0.479160   -0.016320
  0.487880   -0.016070
  0.496610   -0.015820
  0.505350   -0.015560
  0.514100   -0.015300
  0.522840   -0.015040
  0.531580   -0.014780
  0.540310   -0.014510
  0.549040   -0.014240
  0.557770   -0.013960
  0.566490   -0.013690
  0.575220   -0.013400
  0.583940   -0.013110
  0.592660   -0.012810
  0.601380   -0.012510
  0.610110   -0.012200
  0.618850   -0.011890
  0.627590   -0.011580
  0.636330   -0.011260
  0.645070   -0.010940
  0.653800   -0.010620
  0.662530   -0.010300
  0.671250   -0.009970
  0.679980   -0.009630
  0.688700   -0.009290
  0.697420   -0.008940
  0.706150   -0.008590
  0.714890   -0.008240
  0.723630   -0.007880
  0.732360   -0.007520
  0.741100   -0.007150
  0.749850   -0.006780
  0.758590   -0.006420
  0.767340   -0.006050
  0.776090   -0.005680
  0.784840   -0.005310
  0.793590   -0.004940
  0.802330   -0.004570
  0.811050   -0.004200
  0.819770   -0.003850
  0.828470   -0.003500
  0.837160   -0.003160
  0.845840   -0.002840
  0.854510   -0.002530
  0.863180   -0.002240
  0.871860   -0.001970
  0.880550   -0.001700
  0.889230   -0.001450
  0.897910   -0.001210
  0.906560   -0.000990
  0.915200   -0.000790
  0.923820   -0.000610
  0.932420   -0.000460
  0.941000   -0.000330
  0.949530   -0.000240
  0.958030   -0.000200
  0.966500   -0.000200
  0.974860   -0.000230
  0.982930   -0.000300
  0.990320   -0.000390
  0.996570   -0.000500
  1.000000   -0.000560
