JH14- 8-5%
  1.000000    0.000590
  0.996810    0.000830
  0.990910    0.001300
  0.983780    0.001890
  0.967490    0.003320
  0.950410    0.004940
  0.933240    0.006720
  0.924630    0.007640
  0.916010    0.008600
  0.907380    0.009580
  0.898750    0.010600
  0.890090    0.011630
  0.881410    0.012690
  0.872720    0.013760
  0.864030    0.014840
  0.855310    0.015940
  0.846580    0.017040
  0.837840    0.018160
  0.829090    0.019280
  0.820350    0.020410
  0.811590    0.021540
  0.802850    0.022660
  0.794100    0.023790
  0.785360    0.024940
  0.776610    0.026060
  0.767860    0.027210
  0.759100    0.028370
  0.750340    0.029500
  0.741600    0.030650
  0.732860    0.031780
  0.724130    0.032890
  0.715390    0.034000
  0.706650    0.035100
  0.697910    0.036190
  0.689180    0.037270
  0.680450    0.038340
  0.671710    0.039400
  0.662980    0.040450
  0.654250    0.041480
  0.645530    0.042510
  0.636820    0.043500
  0.628100    0.044490
  0.619380    0.045460
  0.610670    0.046420
  0.601960    0.047370
  0.593250    0.048280
  0.584540    0.049190
  0.575820    0.050070
  0.567110    0.050930
  0.558400    0.051780
  0.549710    0.052610
  0.541030    0.053400
  0.532350    0.054170
  0.523680    0.054910
  0.515010    0.055640
  0.506340    0.056330
  0.497690    0.056980
  0.489020    0.057610
  0.480360    0.058210
  0.471700    0.058790
  0.463040    0.059310
  0.454380    0.059830
  0.445730    0.060300
  0.437080    0.060750
  0.428440    0.061150
  0.419780    0.061540
  0.411130    0.061880
  0.402500    0.062190
  0.393850    0.062460
  0.385210    0.062690
  0.376570    0.062900
  0.367930    0.063070
  0.359310    0.063190
  0.350680    0.063290
  0.342060    0.063340
  0.333470    0.063350
  0.324890    0.063330
  0.316340    0.063260
  0.307800    0.063120
  0.299270    0.062950
  0.290760    0.062720
  0.282270    0.062440
  0.273780    0.062100
  0.265300    0.061700
  0.256820    0.061250
  0.248340    0.060740
  0.239880    0.060170
  0.231420    0.059550
  0.222960    0.058870
  0.214500    0.058120
  0.206060    0.057320
  0.197630    0.056480
  0.189200    0.055580
  0.180790    0.054610
  0.172390    0.053570
  0.164020    0.052500
  0.155660    0.051360
  0.147320    0.050150
  0.139000    0.048890
  0.130720    0.047580
  0.122480    0.046170
  0.114260    0.044730
  0.106100    0.043220
  0.098000    0.041640
  0.089960    0.040020
  0.082030    0.038310
  0.074250    0.036570
  0.066650    0.034750
  0.059270    0.032840
  0.052140    0.030860
  0.045280    0.028760
  0.038740    0.026570
  0.032580    0.024270
  0.026870    0.021920
  0.021810    0.019610
  0.017520    0.017450
  0.013970    0.015450
  0.011090    0.013600
  0.008750    0.011890
  0.006840    0.010320
  0.005270    0.008830
  0.003970    0.007490
  0.002900    0.006240
  0.002010    0.005070
  0.001290    0.003970
  0.000730    0.002920
  0.000330    0.001910
  0.000090    0.000930
  0.000000    0.000000
  0.000150   -0.000840
  0.000480   -0.001700
  0.001000   -0.002550
  0.001710   -0.003380
  0.002600   -0.004180
  0.003680   -0.004950
  0.004990   -0.005700
  0.006560   -0.006410
  0.008440   -0.007100
  0.010720   -0.007800
  0.013520   -0.008520
  0.017020   -0.009270
  0.021440   -0.010090
  0.026970   -0.010980
  0.033540   -0.011940
  0.040870   -0.012890
  0.048640   -0.013800
  0.056700   -0.014640
  0.064940   -0.015430
  0.073260   -0.016170
  0.081600   -0.016850
  0.089970   -0.017460
  0.098360   -0.018020
  0.106790   -0.018520
  0.115250   -0.018960
  0.123760   -0.019360
  0.132300   -0.019730
  0.140860   -0.020060
  0.149430   -0.020360
  0.158010   -0.020640
  0.166600   -0.020880
  0.175210   -0.021090
  0.183830   -0.021280
  0.192460   -0.021440
  0.201080   -0.021590
  0.209710   -0.021710
  0.218340   -0.021800
  0.226980   -0.021880
  0.235620   -0.021930
  0.244270   -0.021960
  0.252910   -0.021970
  0.261560   -0.021970
  0.270220   -0.021940
  0.278890   -0.021890
  0.287570   -0.021830
  0.296260   -0.021760
  0.304950   -0.021670
  0.313650   -0.021580
  0.322340   -0.021470
  0.331040   -0.021350
  0.339740   -0.021230
  0.348450   -0.021090
  0.357160   -0.020940
  0.365860   -0.020780
  0.374560   -0.020610
  0.383270   -0.020430
  0.391980   -0.020240
  0.400700   -0.020050
  0.409420   -0.019850
  0.418140   -0.019630
  0.426850   -0.019420
  0.435570   -0.019190
  0.444280   -0.018960
  0.453000   -0.018720
  0.461720   -0.018470
  0.470440   -0.018220
  0.479160   -0.017960
  0.487880   -0.017690
  0.496610   -0.017410
  0.505350   -0.017130
  0.514100   -0.016850
  0.522840   -0.016570
  0.531580   -0.016290
  0.540310   -0.016000
  0.549040   -0.015700
  0.557770   -0.015410
  0.566490   -0.015100
  0.575220   -0.014790
  0.583940   -0.014480
  0.592660   -0.014150
  0.601380   -0.013820
  0.610110   -0.013490
  0.618850   -0.013150
  0.627590   -0.012810
  0.636330   -0.012460
  0.645070   -0.012120
  0.653800   -0.011770
  0.662530   -0.011410
  0.671250   -0.011050
  0.679980   -0.010690
  0.688700   -0.010310
  0.697420   -0.009940
  0.706150   -0.009550
  0.714890   -0.009170
  0.723630   -0.008770
  0.732360   -0.008380
  0.741100   -0.007980
  0.749850   -0.007580
  0.758590   -0.007180
  0.767340   -0.006780
  0.776090   -0.006380
  0.784840   -0.005970
  0.793590   -0.005570
  0.802330   -0.005170
  0.811050   -0.004770
  0.819770   -0.004380
  0.828470   -0.004000
  0.837160   -0.003630
  0.845840   -0.003280
  0.854510   -0.002940
  0.863180   -0.002620
  0.871860   -0.002320
  0.880550   -0.002030
  0.889230   -0.001750
  0.897910   -0.001480
  0.906560   -0.001230
  0.915200   -0.001000
  0.923820   -0.000800
  0.932420   -0.000620
  0.941000   -0.000470
  0.949530   -0.000360
  0.958030   -0.000300
  0.966500   -0.000280
  0.974860   -0.000300
  0.982930   -0.000360
  0.990320   -0.000440
  0.996570   -0.000530
  1.000000   -0.000590
