JH14
  1.000000    0.000630
  0.996810    0.000870
  0.990910    0.001350
  0.983780    0.001960
  0.967490    0.003430
  0.950410    0.005120
  0.933240    0.006960
  0.924630    0.007920
  0.916010    0.008920
  0.907380    0.009930
  0.898750    0.010990
  0.890090    0.012060
  0.881410    0.013160
  0.872720    0.014270
  0.864030    0.015400
  0.855310    0.016550
  0.846580    0.017700
  0.837840    0.018860
  0.829090    0.020020
  0.820350    0.021210
  0.811590    0.022380
  0.802850    0.023550
  0.794100    0.024740
  0.785360    0.025930
  0.776610    0.027110
  0.767860    0.028310
  0.759100    0.029510
  0.750340    0.030700
  0.741600    0.031890
  0.732860    0.033070
  0.724130    0.034230
  0.715390    0.035390
  0.706650    0.036540
  0.697910    0.037670
  0.689180    0.038790
  0.680450    0.039910
  0.671710    0.041020
  0.662980    0.042120
  0.654250    0.043190
  0.645530    0.044260
  0.636820    0.045290
  0.628100    0.046330
  0.619380    0.047340
  0.610670    0.048340
  0.601960    0.049330
  0.593250    0.050280
  0.584540    0.051230
  0.575820    0.052150
  0.567110    0.053050
  0.558400    0.053930
  0.549710    0.054800
  0.541030    0.055630
  0.532350    0.056430
  0.523680    0.057210
  0.515010    0.057960
  0.506340    0.058680
  0.497690    0.059370
  0.489020    0.060020
  0.480360    0.060660
  0.471700    0.061260
  0.463040    0.061810
  0.454380    0.062350
  0.445730    0.062850
  0.437080    0.063320
  0.428440    0.063740
  0.419780    0.064150
  0.411130    0.064500
  0.402500    0.064820
  0.393850    0.065110
  0.385210    0.065360
  0.376570    0.065580
  0.367930    0.065760
  0.359310    0.065890
  0.350680    0.065990
  0.342060    0.066050
  0.333470    0.066070
  0.324890    0.066060
  0.316340    0.065980
  0.307800    0.065840
  0.299270    0.065670
  0.290760    0.065430
  0.282270    0.065150
  0.273780    0.064790
  0.265300    0.064390
  0.256820    0.063920
  0.248340    0.063390
  0.239880    0.062810
  0.231420    0.062160
  0.222960    0.061460
  0.214500    0.060690
  0.206060    0.059860
  0.197630    0.058980
  0.189200    0.058050
  0.180790    0.057040
  0.172390    0.055970
  0.164020    0.054860
  0.155660    0.053670
  0.147320    0.052420
  0.139000    0.051100
  0.130720    0.049730
  0.122480    0.048280
  0.114260    0.046770
  0.106100    0.045200
  0.098000    0.043560
  0.089960    0.041860
  0.082030    0.040090
  0.074250    0.038270
  0.066650    0.036360
  0.059270    0.034370
  0.052140    0.032300
  0.045280    0.030110
  0.038740    0.027820
  0.032580    0.025430
  0.026870    0.022980
  0.021810    0.020570
  0.017520    0.018310
  0.013970    0.016220
  0.011090    0.014290
  0.008750    0.012500
  0.006840    0.010860
  0.005270    0.009300
  0.003970    0.007900
  0.002900    0.006580
  0.002010    0.005350
  0.001290    0.004190
  0.000730    0.003080
  0.000330    0.002020
  0.000090    0.000980
  0.000000    0.000000
  0.000150   -0.000920
  0.000480   -0.001850
  0.001000   -0.002780
  0.001710   -0.003680
  0.002600   -0.004560
  0.003680   -0.005410
  0.004990   -0.006230
  0.006560   -0.007030
  0.008440   -0.007810
  0.010720   -0.008590
  0.013520   -0.009400
  0.017020   -0.010260
  0.021440   -0.011190
  0.026970   -0.012210
  0.033540   -0.013300
  0.040870   -0.014400
  0.048640   -0.015430
  0.056700   -0.016390
  0.064940   -0.017290
  0.073260   -0.018140
  0.081600   -0.018910
  0.089970   -0.019620
  0.098360   -0.020250
  0.106790   -0.020830
  0.115250   -0.021350
  0.123760   -0.021830
  0.132300   -0.022260
  0.140860   -0.022650
  0.149430   -0.023020
  0.158010   -0.023340
  0.166600   -0.023640
  0.175210   -0.023900
  0.183830   -0.024130
  0.192460   -0.024340
  0.201080   -0.024520
  0.209710   -0.024680
  0.218340   -0.024810
  0.226980   -0.024910
  0.235620   -0.024990
  0.244270   -0.025050
  0.252910   -0.025080
  0.261560   -0.025090
  0.270220   -0.025080
  0.278890   -0.025040
  0.287570   -0.024990
  0.296260   -0.024920
  0.304950   -0.024840
  0.313650   -0.024750
  0.322340   -0.024640
  0.331040   -0.024520
  0.339740   -0.024390
  0.348450   -0.024240
  0.357160   -0.024090
  0.365860   -0.023920
  0.374560   -0.023740
  0.383270   -0.023540
  0.391980   -0.023340
  0.400700   -0.023130
  0.409420   -0.022910
  0.418140   -0.022670
  0.426850   -0.022440
  0.435570   -0.022190
  0.444280   -0.021930
  0.453000   -0.021660
  0.461720   -0.021390
  0.470440   -0.021100
  0.479160   -0.020810
  0.487880   -0.020510
  0.496610   -0.020200
  0.505350   -0.019890
  0.514100   -0.019570
  0.522840   -0.019250
  0.531580   -0.018930
  0.540310   -0.018600
  0.549040   -0.018260
  0.557770   -0.017920
  0.566490   -0.017580
  0.575220   -0.017220
  0.583940   -0.016860
  0.592660   -0.016490
  0.601380   -0.016120
  0.610110   -0.015730
  0.618850   -0.015350
  0.627590   -0.014950
  0.636330   -0.014560
  0.645070   -0.014160
  0.653800   -0.013760
  0.662530   -0.013350
  0.671250   -0.012940
  0.679980   -0.012520
  0.688700   -0.012100
  0.697420   -0.011660
  0.706150   -0.011220
  0.714890   -0.010780
  0.723630   -0.010330
  0.732360   -0.009880
  0.741100   -0.009430
  0.749850   -0.008970
  0.758590   -0.008510
  0.767340   -0.008050
  0.776090   -0.007590
  0.784840   -0.007130
  0.793590   -0.006670
  0.802330   -0.006210
  0.811050   -0.005760
  0.819770   -0.005310
  0.828470   -0.004880
  0.837160   -0.004450
  0.845840   -0.004040
  0.854510   -0.003650
  0.863180   -0.003280
  0.871860   -0.002920
  0.880550   -0.002580
  0.889230   -0.002250
  0.897910   -0.001930
  0.906560   -0.001630
  0.915200   -0.001360
  0.923820   -0.001120
  0.932420   -0.000900
  0.941000   -0.000710
  0.949530   -0.000560
  0.958030   -0.000460
  0.966500   -0.000410
  0.974860   -0.000410
  0.982930   -0.000440
  0.990320   -0.000500
  0.996570   -0.000580
  1.000000   -0.000630
