JH18
  1.000000    0.000540
  0.996810    0.000870
  0.990910    0.001540
  0.983780    0.002420
  0.967490    0.004460
  0.950410    0.006570
  0.933240    0.008670
  0.924630    0.009720
  0.916010    0.010780
  0.907380    0.011840
  0.898750    0.012920
  0.890090    0.014000
  0.881410    0.015090
  0.872720    0.016180
  0.864030    0.017280
  0.855310    0.018380
  0.846580    0.019470
  0.837840    0.020570
  0.829090    0.021660
  0.820350    0.022760
  0.811590    0.023850
  0.802850    0.024930
  0.794100    0.026010
  0.785360    0.027090
  0.776610    0.028160
  0.767860    0.029230
  0.759100    0.030300
  0.750340    0.031350
  0.741600    0.032400
  0.732860    0.033450
  0.724130    0.034470
  0.715390    0.035480
  0.706650    0.036490
  0.697910    0.037480
  0.689180    0.038450
  0.680450    0.039420
  0.671710    0.040380
  0.662980    0.041320
  0.654250    0.042250
  0.645530    0.043160
  0.636820    0.044050
  0.628100    0.044930
  0.619380    0.045800
  0.610670    0.046650
  0.601960    0.047490
  0.593250    0.048310
  0.584540    0.049110
  0.575820    0.049890
  0.567110    0.050660
  0.558400    0.051410
  0.549710    0.052140
  0.541030    0.052850
  0.532350    0.053530
  0.523680    0.054190
  0.515010    0.054840
  0.506340    0.055460
  0.497690    0.056050
  0.489020    0.056620
  0.480360    0.057170
  0.471700    0.057690
  0.463040    0.058180
  0.454380    0.058660
  0.445730    0.059090
  0.437080    0.059510
  0.428440    0.059890
  0.419780    0.060260
  0.411130    0.060580
  0.402500    0.060880
  0.393850    0.061150
  0.385210    0.061390
  0.376570    0.061600
  0.367930    0.061780
  0.359310    0.061920
  0.350680    0.062030
  0.342060    0.062110
  0.333470    0.062150
  0.324890    0.062160
  0.316340    0.062120
  0.307800    0.062040
  0.299270    0.061920
  0.290760    0.061760
  0.282270    0.061540
  0.273780    0.061290
  0.265300    0.060980
  0.256820    0.060620
  0.248340    0.060210
  0.239880    0.059760
  0.231420    0.059250
  0.222960    0.058690
  0.214500    0.058070
  0.206060    0.057400
  0.197630    0.056690
  0.189200    0.055910
  0.180790    0.055060
  0.172390    0.054150
  0.164020    0.053180
  0.155660    0.052140
  0.147320    0.051050
  0.139000    0.049920
  0.130720    0.048740
  0.122480    0.047500
  0.114260    0.046200
  0.106100    0.044840
  0.098000    0.043370
  0.089960    0.041830
  0.082030    0.040200
  0.074250    0.038510
  0.066650    0.036740
  0.059270    0.034890
  0.052140    0.032960
  0.045280    0.030940
  0.038740    0.028830
  0.032580    0.026610
  0.026870    0.024310
  0.021810    0.022020
  0.017520    0.019860
  0.013970    0.017870
  0.011090    0.016040
  0.008750    0.014300
  0.006840    0.012620
  0.005270    0.010960
  0.003970    0.009320
  0.002900    0.007670
  0.002010    0.006040
  0.001290    0.004480
  0.000730    0.003070
  0.000330    0.001830
  0.000090    0.000800
  0.000000    0.000000
  0.000050   -0.000730
  0.000260   -0.001590
  0.000640   -0.002590
  0.001200   -0.003670
  0.001980   -0.004840
  0.002970   -0.006000
  0.004170   -0.007100
  0.005600   -0.008090
  0.007270   -0.008970
  0.009250   -0.009800
  0.011620   -0.010580
  0.014520   -0.011340
  0.018130   -0.012120
  0.022710   -0.012970
  0.028470   -0.013890
  0.035370   -0.014790
  0.043150   -0.015650
  0.051400   -0.016460
  0.059850   -0.017230
  0.068340   -0.017950
  0.076780   -0.018610
  0.085200   -0.019210
  0.093630   -0.019750
  0.102070   -0.020240
  0.110550   -0.020690
  0.119090   -0.021100
  0.127670   -0.021460
  0.136270   -0.021790
  0.144900   -0.022080
  0.153540   -0.022350
  0.162190   -0.022590
  0.170820   -0.022800
  0.179460   -0.022970
  0.188120   -0.023130
  0.196790   -0.023250
  0.205450   -0.023340
  0.214110   -0.023420
  0.222790   -0.023470
  0.231460   -0.023500
  0.240140   -0.023510
  0.248800   -0.023500
  0.257470   -0.023470
  0.266150   -0.023410
  0.274850   -0.023340
  0.283570   -0.023260
  0.292290   -0.023150
  0.301030   -0.023040
  0.309780   -0.022910
  0.318540   -0.022770
  0.327300   -0.022610
  0.336060   -0.022460
  0.344820   -0.022280
  0.353580   -0.022100
  0.362340   -0.021910
  0.371100   -0.021710
  0.379860   -0.021510
  0.388620   -0.021280
  0.397380   -0.021060
  0.406150   -0.020820
  0.414920   -0.020580
  0.423690   -0.020330
  0.432470   -0.020070
  0.441240   -0.019810
  0.450020   -0.019530
  0.458810   -0.019260
  0.467610   -0.018980
  0.476400   -0.018690
  0.485200   -0.018400
  0.494000   -0.018100
  0.502800   -0.017800
  0.511620   -0.017490
  0.520440   -0.017180
  0.529260   -0.016880
  0.538050   -0.016570
  0.546860   -0.016250
  0.555660   -0.015930
  0.564470   -0.015600
  0.573260   -0.015280
  0.582050   -0.014950
  0.590840   -0.014610
  0.599640   -0.014260
  0.608450   -0.013910
  0.617270   -0.013550
  0.626080   -0.013200
  0.634890   -0.012840
  0.643700   -0.012470
  0.652530   -0.012100
  0.661360   -0.011740
  0.670190   -0.011370
  0.679030   -0.010980
  0.687850   -0.010590
  0.696670   -0.010200
  0.705480   -0.009800
  0.714280   -0.009410
  0.723070   -0.009000
  0.731860   -0.008580
  0.740630   -0.008160
  0.749420   -0.007740
  0.758210   -0.007310
  0.767010   -0.006880
  0.775810   -0.006450
  0.784620   -0.006020
  0.793420   -0.005580
  0.802210   -0.005150
  0.810980   -0.004730
  0.819750   -0.004310
  0.828500   -0.003920
  0.837230   -0.003530
  0.845970   -0.003150
  0.854710   -0.002800
  0.863450   -0.002460
  0.872200   -0.002130
  0.880960   -0.001820
  0.889720   -0.001530
  0.898470   -0.001260
  0.907200   -0.001000
  0.915900   -0.000770
  0.924580   -0.000570
  0.933220   -0.000400
  0.941810   -0.000260
  0.950390   -0.000160
  0.958930   -0.000090
  0.967430   -0.000070
  0.975760   -0.000080
  0.983690   -0.000150
  0.990820   -0.000270
  0.996710   -0.000420
  0.999900   -0.000540
