JH02- 85
  1.000000    0.000185
  0.996541    0.000239
  0.990313    0.000398
  0.983055    0.000645
  0.975207    0.001000
  0.967040    0.001456
  0.958692    0.001991
  0.950244    0.002595
  0.941727    0.003230
  0.933189    0.003905
  0.924652    0.004609
  0.916104    0.005344
  0.907557    0.006118
  0.899009    0.006913
  0.890462    0.007737
  0.881914    0.008592
  0.873367    0.009476
  0.864819    0.010391
  0.856272    0.011335
  0.847724    0.012300
  0.839157    0.013294
  0.830589    0.014308
  0.822012    0.015353
  0.813424    0.016407
  0.804817    0.017482
  0.796189    0.018566
  0.787552    0.019660
  0.778924    0.020744
  0.770297    0.021819
  0.761679    0.022893
  0.753052    0.023947
  0.744414    0.025002
  0.735757    0.026056
  0.727099    0.027110
  0.718442    0.028154
  0.709784    0.029208
  0.701127    0.030273
  0.692479    0.031327
  0.683822    0.032391
  0.675174    0.033455
  0.666517    0.034530
  0.657849    0.035594
  0.649202    0.036668
  0.640554    0.037732
  0.631927    0.038787
  0.623299    0.039831
  0.614692    0.040865
  0.606084    0.041890
  0.597487    0.042894
  0.588909    0.043878
  0.580332    0.044843
  0.571754    0.045787
  0.563177    0.046712
  0.554579    0.047616
  0.545992    0.048501
  0.537384    0.049365
  0.528787    0.050209
  0.520179    0.051044
  0.511582    0.051858
  0.502984    0.052653
  0.494397    0.053427
  0.485829    0.054171
  0.477262    0.054896
  0.468704    0.055591
  0.460157    0.056245
  0.451619    0.056870
  0.443102    0.057454
  0.434584    0.057999
  0.426066    0.058504
  0.417549    0.058968
  0.409031    0.059393
  0.400504    0.059778
  0.391966    0.060112
  0.383429    0.060427
  0.374861    0.060692
  0.366304    0.060926
  0.357736    0.061131
  0.349169    0.061305
  0.340611    0.061450
  0.332064    0.061555
  0.323526    0.061620
  0.315019    0.061644
  0.306511    0.061619
  0.298014    0.061544
  0.289486    0.061429
  0.280959    0.061264
  0.272421    0.061069
  0.263883    0.060833
  0.255336    0.060558
  0.246798    0.060253
  0.238271    0.059898
  0.229763    0.059513
  0.221256    0.059078
  0.212768    0.058603
  0.204321    0.058088
  0.195903    0.057513
  0.187556    0.056878
  0.179248    0.056174
  0.171000    0.055389
  0.162793    0.054515
  0.154605    0.053550
  0.146418    0.052476
  0.138210    0.051312
  0.129982    0.050058
  0.121745    0.048733
  0.113537    0.047339
  0.105409    0.045885
  0.097392    0.044341
  0.089494    0.042697
  0.081686    0.040944
  0.073979    0.039051
  0.066331    0.037028
  0.058793    0.034885
  0.051445    0.032622
  0.044357    0.030250
  0.037619    0.027779
  0.031341    0.025219
  0.025613    0.022589
  0.020524    0.019951
  0.016145    0.017414
  0.012526    0.015138
  0.009657    0.013163
  0.007408    0.011370
  0.005658    0.009687
  0.004259    0.008115
  0.003119    0.006664
  0.002199    0.005342
  0.001450    0.004131
  0.000850    0.003011
  0.000410    0.001950
  0.000130    0.000950
  0.000000   -0.000000
  0.000050   -0.000920
  0.000300   -0.001869
  0.000790   -0.002788
  0.001510   -0.003656
  0.002419   -0.004494
  0.003539   -0.005312
  0.004869   -0.006130
  0.006458   -0.006946
  0.008358   -0.007773
  0.010677   -0.008608
  0.013526   -0.009453
  0.017055   -0.010327
  0.021474   -0.011208
  0.026922   -0.012078
  0.033400   -0.012947
  0.040728   -0.013773
  0.048596   -0.014559
  0.056684   -0.015284
  0.064881   -0.015920
  0.073159   -0.016475
  0.081526   -0.016960
  0.089974   -0.017384
  0.098481   -0.017759
  0.107039   -0.018114
  0.115636   -0.018428
  0.124284   -0.018733
  0.132951   -0.019017
  0.141639   -0.019302
  0.150346   -0.019586
  0.159054   -0.019860
  0.167751   -0.020145
  0.176469   -0.020439
  0.185166   -0.020733
  0.193864   -0.021018
  0.202541   -0.021282
  0.211209   -0.021547
  0.219866   -0.021801
  0.228534   -0.022026
  0.237221   -0.022250
  0.245919   -0.022465
  0.254626   -0.022679
  0.263344   -0.022883
  0.272051   -0.023088
  0.280729   -0.023292
  0.289386   -0.023477
  0.297994   -0.023641
  0.306561   -0.023776
  0.315129   -0.023871
  0.323716   -0.023935
  0.332334   -0.023970
  0.340991   -0.023984
  0.349689   -0.023989
  0.358406   -0.023993
  0.367124   -0.023998
  0.375851   -0.023992
  0.384578   -0.023997
  0.393306   -0.024001
  0.402023   -0.024005
  0.410741   -0.024000
  0.419458   -0.023994
  0.428156   -0.023979
  0.436853   -0.023963
  0.445521   -0.023928
  0.454168   -0.023892
  0.462796   -0.023827
  0.471413   -0.023742
  0.480011   -0.023626
  0.488608   -0.023491
  0.497206   -0.023316
  0.505823   -0.023120
  0.514451   -0.022905
  0.523108   -0.022670
  0.531766   -0.022414
  0.540433   -0.022159
  0.549101   -0.021884
  0.557768   -0.021588
  0.566426   -0.021293
  0.575073   -0.020977
  0.583731   -0.020642
  0.592388   -0.020297
  0.601046   -0.019931
  0.609713   -0.019556
  0.618401   -0.019171
  0.627088   -0.018775
  0.635786   -0.018370
  0.644483   -0.017964
  0.653191   -0.017559
  0.661898   -0.017144
  0.670616   -0.016728
  0.679323   -0.016303
  0.688030   -0.015887
  0.696738   -0.015462
  0.705425   -0.015026
  0.714103   -0.014591
  0.722770   -0.014146
  0.731438   -0.013690
  0.740115   -0.013215
  0.748793   -0.012740
  0.757490   -0.012244
  0.766198   -0.011759
  0.774895   -0.011264
  0.783593   -0.010778
  0.792290   -0.010303
  0.800968   -0.009837
  0.809655   -0.009372
  0.818343   -0.008917
  0.827040   -0.008471
  0.835748   -0.008026
  0.844455   -0.007570
  0.853163   -0.007125
  0.861860   -0.006670
  0.870558   -0.006204
  0.879255   -0.005739
  0.887962   -0.005273
  0.896670   -0.004798
  0.905367   -0.004333
  0.914045   -0.003867
  0.922702   -0.003422
  0.931340   -0.002987
  0.939957   -0.002581
  0.948555   -0.002196
  0.957162   -0.001841
  0.965760   -0.001506
  0.974287   -0.001181
  0.982545   -0.000866
  0.990123   -0.000572
  0.996521   -0.000321
  1.000000   -0.000185
