JH35
  1.000000    0.001220
  0.996670    0.001600
  0.990700    0.002280
  0.983640    0.003070
  0.967370    0.004870
  0.950040    0.006710
  0.932480    0.008550
  0.923650    0.009470
  0.914810    0.010400
  0.905960    0.011320
  0.897090    0.012250
  0.888220    0.013180
  0.879360    0.014130
  0.870490    0.015080
  0.861610    0.016030
  0.852730    0.016990
  0.843840    0.017950
  0.834960    0.018890
  0.826070    0.019850
  0.817180    0.020810
  0.808290    0.021750
  0.799400    0.022700
  0.790500    0.023650
  0.781610    0.024610
  0.772720    0.025570
  0.763840    0.026530
  0.754970    0.027490
  0.746100    0.028440
  0.737230    0.029380
  0.728340    0.030330
  0.719460    0.031260
  0.710590    0.032180
  0.701720    0.033090
  0.692850    0.034000
  0.683990    0.034900
  0.675120    0.035780
  0.666270    0.036660
  0.657400    0.037540
  0.648530    0.038400
  0.639650    0.039250
  0.630760    0.040100
  0.621890    0.040940
  0.613040    0.041760
  0.604180    0.042580
  0.595330    0.043390
  0.586460    0.044200
  0.577590    0.044990
  0.568730    0.045780
  0.559870    0.046560
  0.551020    0.047320
  0.542160    0.048070
  0.533290    0.048810
  0.524440    0.049540
  0.515590    0.050250
  0.506750    0.050930
  0.497890    0.051610
  0.489000    0.052260
  0.480090    0.052910
  0.471170    0.053550
  0.462270    0.054180
  0.453400    0.054810
  0.444570    0.055410
  0.435750    0.055980
  0.426940    0.056530
  0.418140    0.057070
  0.409340    0.057570
  0.400550    0.058050
  0.391770    0.058510
  0.383000    0.058940
  0.374240    0.059340
  0.365480    0.059710
  0.356730    0.060040
  0.347990    0.060340
  0.339270    0.060610
  0.330560    0.060840
  0.321850    0.061030
  0.313140    0.061180
  0.304420    0.061280
  0.295710    0.061340
  0.287030    0.061350
  0.278370    0.061320
  0.269690    0.061230
  0.261000    0.061090
  0.252320    0.060910
  0.243680    0.060680
  0.235070    0.060390
  0.226490    0.060050
  0.217920    0.059660
  0.209350    0.059220
  0.200830    0.058700
  0.192330    0.058140
  0.183850    0.057520
  0.175420    0.056830
  0.167010    0.056070
  0.158650    0.055250
  0.150320    0.054340
  0.142030    0.053360
  0.133760    0.052290
  0.125520    0.051130
  0.117320    0.049880
  0.109190    0.048540
  0.101110    0.047110
  0.093070    0.045560
  0.085130    0.043920
  0.077320    0.042180
  0.069650    0.040330
  0.062180    0.038370
  0.054990    0.036280
  0.048080    0.034040
  0.041460    0.031640
  0.035300    0.029140
  0.029700    0.026600
  0.024720    0.024100
  0.020420    0.021730
  0.016770    0.019470
  0.013700    0.017390
  0.011130    0.015470
  0.008990    0.013680
  0.007200    0.012000
  0.005700    0.010460
  0.004420    0.009040
  0.003320    0.007720
  0.002380    0.006480
  0.001600    0.005290
  0.000980    0.004140
  0.000510    0.003040
  0.000200    0.001990
  0.000030    0.000970
  0.000000    0.000000
  0.000110   -0.000960
  0.000370   -0.001940
  0.000810   -0.002910
  0.001420   -0.003860
  0.002210   -0.004770
  0.003180   -0.005640
  0.004330   -0.006480
  0.005670   -0.007290
  0.007230   -0.008100
  0.009030   -0.008940
  0.011140   -0.009810
  0.013600   -0.010730
  0.016500   -0.011670
  0.019970   -0.012640
  0.024120   -0.013610
  0.029080   -0.014610
  0.034870   -0.015620
  0.041410   -0.016600
  0.048560   -0.017510
  0.056180   -0.018340
  0.064120   -0.019090
  0.072260   -0.019740
  0.080540   -0.020320
  0.088870   -0.020820
  0.097220   -0.021240
  0.105630   -0.021560
  0.114090   -0.021810
  0.122610   -0.021990
  0.131180   -0.022100
  0.139800   -0.022170
  0.148460   -0.022180
  0.157160   -0.022150
  0.165870   -0.022080
  0.174620   -0.021980
  0.183410   -0.021840
  0.192230   -0.021680
  0.201060   -0.021490
  0.209890   -0.021290
  0.218720   -0.021060
  0.227570   -0.020820
  0.236420   -0.020550
  0.245280   -0.020270
  0.254130   -0.019970
  0.262990   -0.019650
  0.271870   -0.019320
  0.280760   -0.018970
  0.289660   -0.018610
  0.298570   -0.018240
  0.307480   -0.017860
  0.316380   -0.017480
  0.325300   -0.017080
  0.334240   -0.016680
  0.343180   -0.016270
  0.352130   -0.015870
  0.361060   -0.015460
  0.369970   -0.015050
  0.378890   -0.014630
  0.387820   -0.014210
  0.396750   -0.013780
  0.405680   -0.013350
  0.414620   -0.012940
  0.423570   -0.012520
  0.432510   -0.012100
  0.441450   -0.011680
  0.450390   -0.011260
  0.459300   -0.010840
  0.468190   -0.010440
  0.477070   -0.010050
  0.485960   -0.009680
  0.494870   -0.009310
  0.503800   -0.008950
  0.512740   -0.008600
  0.521680   -0.008250
  0.530620   -0.007900
  0.539550   -0.007560
  0.548470   -0.007220
  0.557390   -0.006900
  0.566320   -0.006580
  0.575260   -0.006260
  0.584200   -0.005950
  0.593130   -0.005640
  0.602060   -0.005340
  0.610980   -0.005050
  0.619910   -0.004770
  0.628840   -0.004490
  0.637770   -0.004210
  0.646700   -0.003940
  0.655630   -0.003680
  0.664560   -0.003430
  0.673490   -0.003180
  0.682420   -0.002940
  0.691350   -0.002700
  0.700270   -0.002470
  0.709180   -0.002250
  0.718100   -0.002040
  0.727020   -0.001840
  0.735930   -0.001640
  0.744840   -0.001460
  0.753740   -0.001280
  0.762640   -0.001120
  0.771540   -0.000970
  0.780450   -0.000830
  0.789360   -0.000700
  0.798250   -0.000580
  0.807140   -0.000470
  0.816020   -0.000380
  0.824900   -0.000300
  0.833800   -0.000230
  0.842690   -0.000180
  0.851580   -0.000140
  0.860450   -0.000110
  0.869320   -0.000100
  0.878200   -0.000110
  0.887090   -0.000130
  0.895990   -0.000160
  0.904900   -0.000210
  0.913810   -0.000260
  0.922720   -0.000320
  0.931620   -0.000390
  0.940490   -0.000470
  0.949350   -0.000570
  0.958180   -0.000690
  0.966930   -0.000800
  0.975430   -0.000910
  0.983450   -0.001000
  0.990610   -0.001080
  0.996630   -0.001160
  1.000000   -0.001220
