PhN 1051
  1.000000    0.000000
  0.996490    0.000482
  0.990300    0.001434
  0.983120    0.002637
  0.975250    0.004031
  0.967020    0.005504
  0.958670    0.006928
  0.950230    0.008321
  0.941720    0.009675
  0.933140    0.011019
  0.924530    0.012342
  0.915890    0.013656
  0.907230    0.014960
  0.898540    0.016254
  0.889830    0.017557
  0.881130    0.018851
  0.872430    0.020145
  0.863730    0.021439
  0.855020    0.022722
  0.846320    0.024016
  0.837620    0.025300
  0.828920    0.026574
  0.820230    0.027847
  0.811530    0.029111
  0.802820    0.030375
  0.794120    0.031639
  0.785420    0.032892
  0.776730    0.034136
  0.768050    0.035380
  0.759360    0.036613
  0.750680    0.037827
  0.741990    0.039051
  0.733300    0.040255
  0.724610    0.041448
  0.715930    0.042642
  0.707250    0.043816
  0.698580    0.044980
  0.689900    0.046123
  0.681230    0.047267
  0.672570    0.048381
  0.663910    0.049485
  0.655250    0.050578
  0.646590    0.051642
  0.637930    0.052686
  0.629260    0.053719
  0.620610    0.054733
  0.611950    0.055727
  0.603300    0.056701
  0.594650    0.057654
  0.586000    0.058578
  0.577350    0.059482
  0.568690    0.060365
  0.560050    0.061219
  0.551400    0.062043
  0.542760    0.062847
  0.534110    0.063630
  0.525460    0.064374
  0.516800    0.065108
  0.508140    0.065802
  0.499510    0.066475
  0.490880    0.067119
  0.482280    0.067723
  0.473680    0.068286
  0.465080    0.068800
  0.456460    0.069284
  0.447840    0.069727
  0.439200    0.070151
  0.430570    0.070525
  0.421940    0.070879
  0.413320    0.071182
  0.404700    0.071456
  0.396070    0.071690
  0.387450    0.071883
  0.378840    0.072047
  0.370230    0.072161
  0.361620    0.072245
  0.353020    0.072278
  0.344420    0.072272
  0.335830    0.072226
  0.327240    0.072129
  0.318650    0.071983
  0.310070    0.071807
  0.301490    0.071570
  0.292920    0.071294
  0.284360    0.070968
  0.275800    0.070601
  0.267250    0.070175
  0.258700    0.069699
  0.250170    0.069182
  0.241630    0.068606
  0.233100    0.067980
  0.224570    0.067303
  0.216060    0.066577
  0.207580    0.065801
  0.199110    0.064964
  0.190670    0.064058
  0.182250    0.063102
  0.173850    0.062075
  0.165490    0.060989
  0.157160    0.059822
  0.148870    0.058576
  0.140620    0.057260
  0.132410    0.055853
  0.124250    0.054347
  0.116130    0.052760
  0.108070    0.051074
  0.100090    0.049287
  0.092190    0.047390
  0.084370    0.045384
  0.076660    0.043257
  0.069070    0.041010
  0.061640    0.038623
  0.054360    0.036097
  0.047280    0.033430
  0.040480    0.030653
  0.034040    0.027775
  0.028060    0.024838
  0.022690    0.021960
  0.018100    0.019262
  0.014310    0.016784
  0.011250    0.014535
  0.008780    0.012516
  0.006800    0.010717
  0.005190    0.009108
  0.003890    0.007648
  0.002820    0.006319
  0.001950    0.005109
  0.001230    0.003979
  0.000680    0.002920
  0.000280    0.001900
  0.000050    0.000930
  0.000000    0.000000
  0.000130   -0.000950
  0.000450   -0.001910
  0.000970   -0.002860
  0.001690   -0.003821
  0.002580   -0.004781
  0.003670   -0.005752
  0.004970   -0.006752
  0.006540   -0.007783
  0.008430   -0.008854
  0.010720   -0.009975
  0.013550   -0.011166
  0.017060   -0.012447
  0.021420   -0.013859
  0.026710   -0.015391
  0.032810   -0.016964
  0.039550   -0.018457
  0.046810   -0.019840
  0.054460   -0.021113
  0.062370   -0.022297
  0.070440   -0.023370
  0.078620   -0.024344
  0.086890   -0.025237
  0.095230   -0.026041
  0.103630   -0.026775
  0.112080   -0.027448
  0.120580   -0.028052
  0.129100   -0.028616
  0.137660   -0.029129
  0.146240   -0.029593
  0.154830   -0.030017
  0.163440   -0.030410
  0.172070   -0.030754
  0.180720   -0.031068
  0.189370   -0.031361
  0.198040   -0.031615
  0.206720   -0.031849
  0.215410   -0.032053
  0.224110   -0.032236
  0.232820   -0.032390
  0.241530   -0.032534
  0.250250   -0.032658
  0.258970   -0.032761
  0.267690   -0.032845
  0.276420   -0.032909
  0.285150   -0.032963
  0.293890   -0.032996
  0.302630   -0.033010
  0.311380   -0.033014
  0.320130   -0.033008
  0.328880   -0.032991
  0.337630   -0.032955
  0.346380   -0.032909
  0.355140   -0.032853
  0.363900   -0.032786
  0.372660   -0.032710
  0.381420   -0.032624
  0.390180   -0.032518
  0.398940   -0.032412
  0.407710   -0.032295
  0.416470   -0.032159
  0.425240   -0.032023
  0.434000   -0.031877
  0.442770   -0.031720
  0.451530   -0.031554
  0.460300   -0.031378
  0.469070   -0.031192
  0.477830   -0.030995
  0.486590   -0.030799
  0.495350   -0.030583
  0.504110   -0.030357
  0.512870   -0.030121
  0.521630   -0.029884
  0.530390   -0.029628
  0.539160   -0.029362
  0.547920   -0.029086
  0.556680   -0.028809
  0.565440   -0.028523
  0.574190   -0.028217
  0.582950   -0.027901
  0.591700   -0.027584
  0.600450   -0.027248
  0.609200   -0.026902
  0.617950   -0.026546
  0.626690   -0.026179
  0.635420   -0.025793
  0.644150   -0.025397
  0.652880   -0.024981
  0.661610   -0.024554
  0.670340   -0.024118
  0.679070   -0.023662
  0.687790   -0.023186
  0.696510   -0.022699
  0.705230   -0.022203
  0.713950   -0.021677
  0.722680   -0.021141
  0.731400   -0.020595
  0.740140   -0.020038
  0.748870   -0.019462
  0.757600   -0.018876
  0.766330   -0.018270
  0.775070   -0.017663
  0.783810   -0.017037
  0.792550   -0.016401
  0.801300   -0.015765
  0.810050   -0.015108
  0.818810   -0.014452
  0.827570   -0.013786
  0.836330   -0.013120
  0.845110   -0.012443
  0.853880   -0.011767
  0.862660   -0.011101
  0.871430   -0.010425
  0.880200   -0.009758
  0.888970   -0.009072
  0.897740   -0.008396
  0.906490   -0.007720
  0.915240   -0.007054
  0.923960   -0.006387
  0.932610   -0.005721
  0.941150   -0.005035
  0.949610   -0.004278
  0.958080   -0.003452
  0.966520   -0.002616
  0.974780   -0.001849
  0.982740   -0.001193
  0.990090   -0.000636
  0.996450   -0.000218
  1.000000    0.000000
