Fantham Wobbeking-nose
  1.000000    0.004400
  0.996391    0.004728
  0.990799    0.005235
  0.984973    0.005764
  0.978895    0.006315
  0.972547    0.006891
  0.965906    0.007493
  0.958952    0.008124
  0.951664    0.008784
  0.944023    0.009476
  0.936012    0.010202
  0.927622    0.010961
  0.918852    0.011755
  0.909714    0.012582
  0.900241    0.013438
  0.890513    0.014318
  0.880859    0.015190
  0.871332    0.016051
  0.861871    0.016907
  0.852427    0.017761
  0.842961    0.018618
  0.833443    0.019480
  0.823854    0.020350
  0.814182    0.021229
  0.804424    0.022117
  0.794637    0.023009
  0.784901    0.023899
  0.775199    0.024786
  0.765516    0.025673
  0.755838    0.026560
  0.746153    0.027447
  0.736454    0.028336
  0.726733    0.029226
  0.716988    0.030118
  0.707218    0.031011
  0.697425    0.031905
  0.687616    0.032798
  0.677814    0.033689
  0.668022    0.034578
  0.658234    0.035465
  0.648447    0.036352
  0.638659    0.037237
  0.628867    0.038122
  0.619069    0.039008
  0.609264    0.039893
  0.599452    0.040779
  0.589643    0.041665
  0.579841    0.042551
  0.570046    0.043436
  0.560257    0.044322
  0.550472    0.045207
  0.540690    0.046093
  0.530909    0.046980
  0.521126    0.047868
  0.511339    0.048758
  0.501545    0.049649
  0.491741    0.050543
  0.481933    0.051438
  0.472139    0.052332
  0.462357    0.053224
  0.452586    0.054114
  0.442820    0.055002
  0.433051    0.055886
  0.423271    0.056769
  0.413471    0.057649
  0.403675    0.058523
  0.393927    0.059388
  0.384238    0.060237
  0.374620    0.061065
  0.365074    0.061866
  0.355600    0.062633
  0.346193    0.063364
  0.336843    0.064054
  0.327538    0.064698
  0.318263    0.065294
  0.308998    0.065837
  0.299719    0.066324
  0.290403    0.066751
  0.281023    0.067119
  0.271566    0.067430
  0.262025    0.067683
  0.252404    0.067878
  0.242719    0.068017
  0.233000    0.068098
  0.223288    0.068124
  0.213636    0.068096
  0.204105    0.068018
  0.194759    0.067894
  0.185649    0.067712
  0.176791    0.067449
  0.168173    0.067086
  0.159760    0.066606
  0.151501    0.065989
  0.143339    0.065218
  0.135222    0.064282
  0.127130    0.063176
  0.119078    0.061897
  0.111106    0.060450
  0.103284    0.058848
  0.095695    0.057114
  0.088408    0.055260
  0.081422    0.053271
  0.074672    0.051119
  0.068059    0.048763
  0.061519    0.046191
  0.055097    0.043444
  0.048940    0.040615
  0.043227    0.037821
  0.038055    0.035133
  0.033407    0.032567
  0.029223    0.030114
  0.025434    0.027757
  0.021978    0.025472
  0.018817    0.023245
  0.015984    0.021124
  0.013498    0.019159
  0.011332    0.017368
  0.009463    0.015744
  0.007858    0.014261
  0.006475    0.012892
  0.005279    0.011613
  0.004244    0.010405
  0.003348    0.009255
  0.002575    0.008152
  0.001916    0.007087
  0.001361    0.006053
  0.000903    0.005045
  0.000539    0.004056
  0.000266    0.003084
  0.000083    0.002122
 -0.000011    0.001169
 -0.000013    0.000219
  0.000079   -0.000730
  0.000263   -0.001682
  0.000536   -0.002637
  0.000897   -0.003596
  0.001344   -0.004561
  0.001880   -0.005530
  0.002505   -0.006505
  0.003224   -0.007484
  0.004040   -0.008467
  0.004960   -0.009453
  0.005992   -0.010437
  0.007146   -0.011416
  0.008434   -0.012381
  0.009870   -0.013319
  0.011471   -0.014209
  0.013252   -0.015017
  0.015237   -0.015711
  0.017470   -0.016282
  0.020006   -0.016732
  0.022916   -0.017085
  0.026277   -0.017418
  0.030167   -0.017813
  0.034628   -0.018268
  0.039619   -0.018749
  0.045015   -0.019195
  0.050714   -0.019534
  0.056778   -0.019714
  0.063401   -0.019748
  0.070812   -0.019666
  0.079141   -0.019539
  0.088170   -0.019422
  0.097491   -0.019304
  0.106868   -0.019167
  0.116291   -0.019008
  0.125782   -0.018833
  0.135352   -0.018649
  0.145003   -0.018464
  0.154724   -0.018284
  0.164495   -0.018115
  0.174294   -0.017952
  0.184107   -0.017794
  0.193924   -0.017637
  0.203741   -0.017479
  0.213560   -0.017318
  0.223382   -0.017155
  0.233210   -0.016991
  0.243043   -0.016826
  0.252881   -0.016662
  0.262724   -0.016499
  0.272569   -0.016338
  0.282417   -0.016177
  0.292266   -0.016016
  0.302116   -0.015855
  0.311967   -0.015695
  0.321818   -0.015533
  0.331670   -0.015372
  0.341521   -0.015210
  0.351373   -0.015049
  0.361225   -0.014887
  0.371077   -0.014725
  0.380929   -0.014563
  0.390781   -0.014401
  0.400634   -0.014240
  0.410486   -0.014078
  0.420340   -0.013916
  0.430192   -0.013755
  0.440045   -0.013593
  0.449897   -0.013431
  0.459748   -0.013270
  0.469600   -0.013108
  0.479451   -0.012947
  0.489304   -0.012785
  0.499156   -0.012624
  0.509009   -0.012462
  0.518860   -0.012301
  0.528709   -0.012139
  0.538556   -0.011978
  0.548402   -0.011816
  0.558247   -0.011655
  0.568091   -0.011493
  0.577936   -0.011332
  0.587783   -0.011170
  0.597633   -0.011009
  0.607484   -0.010847
  0.617331   -0.010686
  0.627171   -0.010525
  0.637005   -0.010364
  0.646833   -0.010203
  0.656658   -0.010042
  0.666481   -0.009881
  0.676306   -0.009720
  0.686136   -0.009558
  0.695977   -0.009396
  0.705824   -0.009234
  0.715652   -0.009072
  0.725455   -0.008910
  0.735235   -0.008749
  0.744993   -0.008588
  0.754735   -0.008427
  0.764469   -0.008266
  0.774206   -0.008105
  0.783959   -0.007944
  0.793745   -0.007783
  0.803576   -0.007621
  0.813367   -0.007460
  0.823075   -0.007301
  0.832699   -0.007143
  0.842250   -0.006986
  0.851750   -0.006830
  0.861226   -0.006675
  0.870717   -0.006520
  0.880272   -0.006363
  0.889952   -0.006205
  0.899724   -0.006045
  0.909251   -0.005888
  0.918442   -0.005738
  0.927264   -0.005593
  0.935702   -0.005455
  0.943758   -0.005323
  0.951440   -0.005197
  0.958766   -0.005077
  0.965754   -0.004962
  0.972427   -0.004853
  0.978805   -0.004748
  0.984910   -0.004648
  0.990761   -0.004552
  0.996377   -0.004460
  1.000000   -0.004400
