Weedhopper-Tip (double surface)
  1.000000    0.003730
  0.998670    0.006960
  0.996000    0.010411
  0.992770    0.012721
  0.989050    0.014082
  0.984930    0.014883
  0.980410    0.015554
  0.975470    0.016304
  0.970030    0.017185
  0.964020    0.018166
  0.957390    0.019258
  0.950100    0.020479
  0.942110    0.021800
  0.933420    0.023222
  0.924070    0.024744
  0.914120    0.026355
  0.903670    0.028037
  0.892810    0.029799
  0.881640    0.031611
  0.870230    0.033463
  0.858660    0.035355
  0.846970    0.037258
  0.835200    0.039170
  0.823370    0.041092
  0.811500    0.043024
  0.799600    0.044956
  0.787690    0.046898
  0.775760    0.048840
  0.763820    0.050783
  0.751870    0.052725
  0.739920    0.054667
  0.727970    0.056609
  0.716010    0.058551
  0.704050    0.060493
  0.692100    0.062435
  0.680140    0.064378
  0.668190    0.066320
  0.656250    0.068262
  0.644320    0.070204
  0.632420    0.072136
  0.620540    0.074068
  0.608690    0.075990
  0.596870    0.077903
  0.585110    0.079795
  0.573440    0.081687
  0.561880    0.083569
  0.550440    0.085461
  0.539120    0.087363
  0.527980    0.089225
  0.517060    0.091007
  0.506360    0.092679
  0.495810    0.094221
  0.485340    0.095643
  0.474880    0.096955
  0.464370    0.098166
  0.453790    0.099288
  0.443120    0.100360
  0.432430    0.101392
  0.421800    0.102394
  0.411390    0.103346
  0.401260    0.104208
  0.391410    0.104920
  0.381720    0.105451
  0.372050    0.105783
  0.362280    0.105955
  0.352350    0.106007
  0.342270    0.105978
  0.332110    0.105880
  0.321970    0.105742
  0.311930    0.105534
  0.302050    0.105246
  0.292370    0.104877
  0.282890    0.104389
  0.273590    0.103761
  0.264410    0.102982
  0.255300    0.102034
  0.246200    0.100926
  0.237050    0.099627
  0.227810    0.098169
  0.218430    0.096531
  0.208860    0.094742
  0.199140    0.092864
  0.189360    0.090926
  0.179680    0.088968
  0.170210    0.086989
  0.161000    0.084931
  0.151980    0.082753
  0.143080    0.080404
  0.134230    0.077926
  0.125420    0.075337
  0.116710    0.072719
  0.108250    0.070151
  0.100180    0.067672
  0.092580    0.065283
  0.085480    0.062975
  0.078890    0.060746
  0.072790    0.058577
  0.067140    0.056468
  0.061910    0.054409
  0.057060    0.052390
  0.052570    0.050421
  0.048400    0.048491
  0.044520    0.046612
  0.040920    0.044773
  0.037570    0.042993
  0.034450    0.041264
  0.031540    0.039564
  0.028830    0.037915
  0.026300    0.036295
  0.023940    0.034706
  0.021740    0.033146
  0.019690    0.031586
  0.017780    0.030037
  0.016020    0.028487
  0.014380    0.026937
  0.012860    0.025388
  0.011450    0.023848
  0.010140    0.022318
  0.008920    0.020808
  0.007770    0.019309
  0.006710    0.017839
  0.005710    0.016389
  0.004790    0.014949
  0.003940    0.013539
  0.003170    0.012139
  0.002470    0.010750
  0.001860    0.009370
  0.001330    0.007990
  0.000900    0.006630
  0.000550    0.005270
  0.000290    0.003920
  0.000120    0.002590
  0.000020    0.001280
  0.000000    0.000000
  0.000000    0.000180
  0.000000    0.000180
  0.000000    0.000000
  0.000020    0.001650
  0.000040   -0.001010
  0.000050   -0.001290
  0.000060    0.001370
  0.000070   -0.001280
  0.000130    0.003140
  0.000160   -0.002590
  0.000180   -0.002210
  0.000220    0.002600
  0.000230   -0.002760
  0.000350   -0.003890
  0.000350    0.004650
  0.000420   -0.003410
  0.000480   -0.004230
  0.000510    0.003850
  0.000620   -0.005200
  0.000670    0.006180
  0.000760   -0.004620
  0.000830   -0.005710
  0.000910    0.005130
  0.000950   -0.006510
  0.001110    0.007720
  0.001210   -0.005820
  0.001280   -0.007180
  0.001370   -0.007810
  0.001420    0.006430
  0.001670    0.009280
  0.001770   -0.007000
  0.001830   -0.008630
  0.001870   -0.009100
  0.002030    0.007760
  0.002340    0.010840
  0.002450   -0.008140
  0.002450   -0.010380
  0.002480   -0.010060
  0.002720    0.009130
  0.003110   -0.011631
  0.003120    0.012409
  0.003230   -0.011461
  0.003250   -0.009251
  0.003510    0.010529
  0.003860   -0.012871
  0.004000    0.013989
  0.004090   -0.012841
  0.004170   -0.010311
  0.004400    0.011979
  0.004690   -0.014071
  0.004980    0.015589
  0.005050   -0.014161
  0.005220   -0.011301
  0.005420    0.013449
  0.005610   -0.015241
  0.006060    0.017219
  0.006120   -0.015441
  0.006390   -0.012211
  0.006570    0.014949
  0.006620   -0.016371
  0.007220    0.018869
  0.007290   -0.016661
  0.007690   -0.013031
  0.007720   -0.017451
  0.007880    0.016489
  0.008490    0.020538
  0.008570   -0.017822
  0.008910   -0.018482
  0.009120   -0.013732
  0.009350    0.018058
  0.009850    0.022238
  0.009960   -0.018902
  0.010190   -0.019442
  0.010700   -0.014282
  0.011000    0.019688
  0.011320    0.023958
  0.011460   -0.019892
  0.011560   -0.020342
  0.012410   -0.014682
  0.012830    0.021378
  0.012920    0.025688
  0.013020   -0.021172
  0.013050   -0.020802
  0.014270   -0.014933
  0.014580   -0.021903
  0.014660    0.027437
  0.014760   -0.021593
  0.014900    0.023137
  0.016240   -0.022533
  0.016270   -0.015053
  0.016550    0.029187
  0.016580   -0.022253
  0.017240    0.024957
  0.018010   -0.023043
  0.018450   -0.015083
  0.018510   -0.022763
  0.018610    0.030927
  0.019870   -0.023434
  0.019880    0.026896
  0.020540   -0.023134
  0.020840    0.032666
  0.020840   -0.015064
  0.021840   -0.023714
  0.022680   -0.023404
  0.022860    0.028976
  0.023270    0.034426
  0.023460   -0.015044
  0.023920   -0.023894
  0.024920   -0.023584
  0.025900    0.036195
  0.026120   -0.023985
  0.026230    0.031265
  0.026350   -0.015025
  0.027250   -0.023715
  0.028450   -0.024025
  0.028750    0.037995
  0.029540   -0.015015
  0.029700   -0.023785
  0.030000    0.033775
  0.030920   -0.024006
  0.031830    0.039844
  0.032260   -0.023796
  0.033080   -0.014976
  0.033560   -0.023966
  0.034240    0.036504
  0.034940   -0.023696
  0.035170    0.041744
  0.036400   -0.023897
  0.037000   -0.014847
  0.037750   -0.023457
  0.038780    0.043703
  0.038950    0.039423
  0.039440   -0.023827
  0.040700   -0.023057
  0.041380   -0.014577
  0.042700    0.045712
  0.042730   -0.023758
  0.043810   -0.022478
  0.044160    0.042502
  0.046290   -0.023708
  0.046320   -0.014128
  0.046950    0.047792
  0.047120   -0.021708
  0.049890    0.045691
  0.050160   -0.023669
  0.050680   -0.020779
  0.051570    0.049931
  0.051980   -0.013529
  0.054400   -0.023650
  0.054530   -0.019710
  0.056170    0.048970
  0.056600    0.052120
  0.058430   -0.012871
  0.058730   -0.018551
  0.059060   -0.023631
  0.062080    0.054359
  0.063000    0.052349
  0.063340   -0.017331
  0.064180   -0.023592
  0.065770   -0.012192
  0.068060    0.056668
  0.068440   -0.016062
  0.069840   -0.023543
  0.070360    0.055827
  0.074040   -0.011463
  0.074110   -0.014723
  0.074580    0.059027
  0.076100   -0.023474
  0.078130    0.059396
  0.080440   -0.013254
  0.081710    0.061455
  0.083030   -0.023395
  0.083130   -0.010645
  0.086140    0.062954
  0.087480   -0.011616
  0.089480    0.063974
  0.090660   -0.023316
  0.092930   -0.009727
  0.094260    0.066413
  0.095320   -0.009747
  0.097910    0.066602
  0.099020   -0.023228
  0.102500    0.069732
  0.103240   -0.008779
  0.103990   -0.007639
  0.106990    0.069331
  0.108090   -0.023139
  0.110860    0.072920
  0.113530   -0.005290
  0.113910   -0.007791
  0.116600    0.072189
  0.117830   -0.023051
  0.119290    0.075969
  0.123900   -0.002742
  0.124770   -0.006792
  0.126540    0.075097
  0.127720    0.078887
  0.128140   -0.022953
  0.135010   -0.000044
  0.135750   -0.005784
  0.136100    0.081606
  0.136610    0.077975
  0.138930   -0.022855
  0.144440    0.084094
  0.146740    0.080704
  0.146750    0.002814
  0.146790   -0.004766
  0.150100   -0.022737
  0.152900    0.086372
  0.156950    0.083232
  0.157870   -0.003738
  0.158970    0.005781
  0.161550    0.088501
  0.161560   -0.022629
  0.167360    0.085580
  0.168960   -0.002720
  0.170360    0.090529
  0.171530    0.008829
  0.173220   -0.022511
  0.178100    0.087798
  0.179200    0.092448
  0.180070   -0.001702
  0.184310    0.011947
  0.185030   -0.022393
  0.187970    0.094206
  0.189130    0.089966
  0.191200   -0.000664
  0.196690    0.095755
  0.196940   -0.022275
  0.197240    0.015114
  0.200290    0.092114
  0.202340    0.000364
  0.205450    0.097103
  0.208920   -0.022168
  0.210280    0.018292
  0.211380    0.094202
  0.213490    0.001392
  0.214320    0.098271
  0.220960   -0.022050
  0.222240    0.096140
  0.223280    0.099290
  0.223360    0.021490
  0.224650    0.002420
  0.232320    0.100158
  0.232880    0.097868
  0.233030   -0.021932
  0.235810    0.003458
  0.236480    0.024707
  0.241430    0.100857
  0.243360    0.099376
  0.245120   -0.021814
  0.246970    0.004486
  0.249600    0.027925
  0.250710    0.101405
  0.253760    0.100664
  0.257220   -0.021696
  0.258130    0.005524
  0.260140    0.101843
  0.262710    0.031123
  0.264150    0.101722
  0.269280    0.006552
  0.269340   -0.021578
  0.269530    0.102211
  0.274620    0.102571
  0.275780    0.034330
  0.278680    0.102460
  0.280440    0.007590
  0.281460   -0.021461
  0.285260    0.103219
  0.287600    0.102518
  0.288830    0.037548
  0.291590    0.008628
  0.293590   -0.021343
  0.296140    0.103697
  0.296450    0.102327
  0.301800    0.040726
  0.302740    0.009656
  0.305420    0.101915
  0.305710   -0.021235
  0.307290    0.104045
  0.313890    0.010683
  0.314570    0.101343
  0.314690    0.043883
  0.317840   -0.021107
  0.318680    0.104273
  0.323830    0.100632
  0.325050    0.011721
  0.327440    0.047031
  0.329970   -0.020989
  0.330240    0.104421
  0.333130    0.099770
  0.336210    0.012759
  0.340050    0.050159
  0.341840    0.104498
  0.342100   -0.020872
  0.342510    0.098718
  0.347370    0.013797
  0.352140    0.097477
  0.352460    0.053197
  0.353350    0.104506
  0.354230   -0.020754
  0.358530    0.014825
  0.362130    0.096055
  0.364650    0.056154
  0.364660    0.104404
  0.366370   -0.020636
  0.369690    0.015863
  0.372500    0.094533
  0.375760    0.104132
  0.376520    0.059092
  0.378510   -0.020518
  0.380850    0.016911
  0.383100    0.092981
  0.386790    0.103640
  0.388080    0.062030
  0.390650   -0.020400
  0.392020    0.017949
  0.393840    0.091429
  0.397940    0.102888
  0.399280    0.064858
  0.402780   -0.020282
  0.403190    0.018987
  0.404660    0.089877
  0.409400    0.101926
  0.410060    0.067466
  0.414350    0.020025
  0.414910   -0.020165
  0.415530    0.088355
  0.420530    0.069884
  0.421250    0.100834
  0.425520    0.021063
  0.426460    0.086833
  0.427050   -0.020047
  0.430500    0.072183
  0.433370    0.099672
  0.436690    0.022111
  0.437460    0.085331
  0.439180   -0.019919
  0.439760    0.074461
  0.445590    0.098470
  0.447860    0.023149
  0.448490    0.076839
  0.448510    0.083809
  0.451320   -0.019801
  0.456820    0.079258
  0.457750    0.097228
  0.459030    0.024187
  0.459580    0.082287
  0.463460   -0.019683
  0.464660    0.081576
  0.469800    0.095895
  0.470190    0.025235
  0.470670    0.080755
  0.472020    0.083645
  0.475600   -0.019566
  0.479000    0.085374
  0.481350    0.026273
  0.481760    0.094443
  0.481780    0.079223
  0.485670    0.086903
  0.487740   -0.019448
  0.492500    0.027311
  0.492890    0.077681
  0.493100    0.088661
  0.493710    0.092851
  0.499880   -0.019330
  0.500000    0.090010
  0.503630    0.028349
  0.504010    0.076149
  0.505680    0.089739
  0.505740    0.091099
  0.510550    0.089198
  0.512020   -0.019212
  0.514760    0.029377
  0.515120    0.074607
  0.517310    0.087987
  0.517950    0.089187
  0.523390    0.087036
  0.524150   -0.019094
  0.525850    0.030405
  0.526230    0.073075
  0.530280    0.085955
  0.530450    0.087135
  0.536280   -0.018977
  0.536900    0.031443
  0.537350    0.071543
  0.537580    0.084733
  0.543230    0.085002
  0.545160    0.083512
  0.547940    0.032491
  0.548420   -0.018859
  0.548470    0.070011
  0.553220    0.082260
  0.556210    0.082850
  0.558960    0.033559
  0.559590    0.068479
  0.560550   -0.018741
  0.561650    0.080809
  0.569330    0.080698
  0.569910    0.034597
  0.570170    0.079457
  0.570720    0.066947
  0.572680   -0.018623
  0.579360    0.077966
  0.580750    0.035615
  0.581850    0.065405
  0.582580    0.078565
  0.584810   -0.018495
  0.589370    0.076204
  0.591470    0.036594
  0.592980    0.063873
  0.595950    0.076423
  0.596940   -0.018377
  0.599900    0.074432
  0.602080    0.037512
  0.604100    0.062341
  0.609070   -0.018260
  0.609410    0.074270
  0.610820    0.072790
  0.612540    0.038380
  0.615230    0.060809
  0.621200   -0.018142
  0.622230    0.070958
  0.622740    0.039248
  0.622910    0.072098
  0.626350    0.059277
  0.632570    0.040166
  0.633330   -0.018024
  0.634140    0.068976
  0.636460    0.069915
  0.637470    0.057745
  0.642070    0.041194
  0.645450   -0.017906
  0.646480    0.066944
  0.648590    0.056213
  0.650050    0.067733
  0.651370    0.042343
  0.657580   -0.017778
  0.659140    0.064881
  0.659720    0.054681
  0.660550    0.043581
  0.663640    0.065551
  0.669390    0.044750
  0.669700   -0.017661
  0.670840    0.053149
  0.672010    0.062779
  0.677250    0.063358
  0.677640    0.045698
  0.681820   -0.017543
  0.681970    0.051617
  0.684990    0.060667
  0.685410    0.046367
  0.690850    0.061186
  0.692870    0.046735
  0.693090    0.050085
  0.693940   -0.017425
  0.698020    0.058574
  0.700170    0.046794
  0.704220    0.048553
  0.704460    0.059013
  0.706050   -0.017307
  0.707450    0.046553
  0.711080    0.056492
  0.714830    0.045991
  0.715340    0.047021
  0.718080    0.056841
  0.718170   -0.017189
  0.722470    0.045110
  0.724110    0.054390
  0.726460    0.045499
  0.730270   -0.017061
  0.730540    0.043929
  0.731690    0.054668
  0.737070    0.052297
  0.737570    0.043967
  0.739110    0.042627
  0.742380   -0.016944
  0.745290    0.052506
  0.748250    0.041405
  0.748690    0.042435
  0.750110    0.050355
  0.754470   -0.016826
  0.757390    0.040184
  0.758890    0.050333
  0.759810    0.040913
  0.762690    0.048463
  0.766550   -0.016708
  0.766940    0.038762
  0.770930    0.039381
  0.772470    0.048171
  0.775400    0.046430
  0.776900    0.037340
  0.778620   -0.016590
  0.782040    0.037859
  0.786030    0.046019
  0.786440    0.035918
  0.787560    0.044538
  0.790680   -0.016462
  0.793160    0.036327
  0.797210    0.034487
  0.799580    0.043866
  0.799600    0.042506
  0.802710   -0.016344
  0.804270    0.034795
  0.807780    0.033065
  0.810550    0.040884
  0.813090    0.041734
  0.814700   -0.016227
  0.815380    0.033273
  0.817930    0.031643
  0.821360    0.039262
  0.826480    0.031741
  0.826550    0.039611
  0.826630   -0.016099
  0.828570    0.030151
  0.832040    0.037500
  0.837580    0.030209
  0.838470   -0.015981
  0.838830    0.028749
  0.839940    0.037489
  0.841370    0.035879
  0.848680    0.028687
  0.849010    0.027287
  0.850220   -0.015873
  0.850570    0.034387
  0.853240    0.035366
  0.858770    0.025945
  0.859760    0.027175
  0.860160    0.033035
  0.861840   -0.015775
  0.866400    0.033254
  0.868520    0.024724
  0.868680    0.031684
  0.870840    0.025653
  0.873260   -0.015677
  0.876390    0.030462
  0.878270    0.023302
  0.879360    0.031162
  0.881900    0.024131
  0.884400   -0.015569
  0.884500    0.029241
  0.886190    0.022280
  0.891800    0.027889
  0.892040    0.029129
  0.892910    0.022619
  0.895130    0.021069
  0.895190   -0.015441
  0.898700    0.026808
  0.903260    0.020047
  0.903860    0.021107
  0.904330    0.027157
  0.904370    0.025857
  0.905590   -0.015283
  0.910160    0.019026
  0.910190    0.024916
  0.914720    0.019615
  0.915510   -0.015125
  0.915870    0.023825
  0.916090    0.025275
  0.918090    0.018015
  0.920680    0.022434
  0.924840   -0.014996
  0.925200    0.016993
  0.925390    0.018143
  0.925740    0.020203
  0.927210    0.023533
  0.930480    0.016183
  0.930640    0.017722
  0.933520   -0.014898
  0.935410    0.015032
  0.935760    0.016712
  0.935960    0.015572
  0.937540    0.021911
  0.940070    0.012171
  0.941250    0.014761
  0.941550   -0.014859
  0.944620    0.009190
  0.945680    0.015360
  0.945920    0.014150
  0.947010    0.020450
  0.948950   -0.014881
  0.949060    0.006189
  0.950880    0.012909
  0.953350    0.003238
  0.954960    0.014098
  0.955210    0.010968
  0.955600    0.019138
  0.955750   -0.014932
  0.957450    0.000428
  0.959370    0.008807
  0.961350   -0.002203
  0.961960   -0.014993
  0.963310    0.017957
  0.963380    0.006467
  0.963400    0.012957
  0.965040   -0.004624
  0.967240    0.004036
  0.967620   -0.015024
  0.968540   -0.006814
  0.970220    0.016935
  0.970900    0.011945
  0.970920    0.001625
  0.971880   -0.008805
  0.972780   -0.014995
  0.974400   -0.000645
  0.975060   -0.010606
  0.976400    0.015994
  0.977420    0.011064
  0.977520   -0.014886
  0.977660   -0.002706
  0.978100   -0.012206
  0.980690   -0.004537
  0.981070   -0.013507
  0.981890   -0.014737
  0.981950    0.015163
  0.983050    0.010293
  0.983500   -0.006167
  0.984090   -0.014297
  0.985930   -0.014487
  0.986150   -0.007558
  0.986940    0.014402
  0.987150   -0.014418
  0.987910    0.009652
  0.988720   -0.008588
  0.989670   -0.013898
  0.990220   -0.013848
  0.991330   -0.008998
  0.991410    0.013262
  0.992110    0.009011
  0.993090   -0.012569
  0.993210   -0.012569
  0.993950   -0.008609
  0.995270    0.010991
  0.995740    0.007791
  0.996050   -0.010439
  0.996130   -0.010289
  0.996480   -0.007369
  0.998440    0.007320
  0.998610   -0.007140
  0.998640    0.005200
  0.998690   -0.006930
  0.998770   -0.005020
  1.000000    0.003730
  1.000000   -0.003730
  1.000000    0.002330
  1.000000   -0.003730
  1.000000   -0.002330
