P Salvian FW BV 560.12
  1.000000    0.000010
  0.996670    0.000263
  0.990540    0.000709
  0.983190    0.001253
  0.966550    0.002447
  0.949270    0.003669
  0.940630    0.004281
  0.931940    0.004842
  0.923250    0.005423
  0.914560    0.006004
  0.905860    0.006565
  0.897150    0.007156
  0.888450    0.007747
  0.879720    0.008338
  0.871000    0.008939
  0.862270    0.009530
  0.853540    0.010121
  0.844810    0.010722
  0.836080    0.011333
  0.827380    0.011934
  0.818650    0.012525
  0.809920    0.013126
  0.801200    0.013747
  0.792480    0.014338
  0.783760    0.014949
  0.775060    0.015540
  0.766360    0.016171
  0.757670    0.016782
  0.749830    0.017315
  0.740290    0.017904
  0.731610    0.018455
  0.722930    0.018996
  0.714230    0.019547
  0.705540    0.020118
  0.696840    0.020679
  0.688140    0.021260
  0.679420    0.021851
  0.670700    0.022442
  0.661970    0.023053
  0.653250    0.023644
  0.644510    0.024255
  0.635790    0.024856
  0.627090    0.025467
  0.618400    0.026068
  0.609710    0.026669
  0.601030    0.027290
  0.592350    0.027881
  0.583680    0.028462
  0.575010    0.029054
  0.566360    0.029635
  0.557700    0.030216
  0.549020    0.030777
  0.540330    0.031328
  0.531640    0.031879
  0.522940    0.032410
  0.514230    0.032931
  0.505520    0.033442
  0.496840    0.033953
  0.488160    0.034454
  0.479480    0.034935
  0.470800    0.035426
  0.462110    0.035917
  0.453420    0.036388
  0.444710    0.036839
  0.436030    0.037291
  0.427360    0.037742
  0.418690    0.038193
  0.410000    0.038614
  0.401290    0.039025
  0.392570    0.039436
  0.383870    0.039837
  0.375220    0.040208
  0.366640    0.040589
  0.358140    0.040951
  0.349630    0.041312
  0.341100    0.041664
  0.332470    0.042015
  0.323790    0.042336
  0.315080    0.042617
  0.306370    0.042868
  0.297730    0.043079
  0.289130    0.043250
  0.280560    0.043412
  0.271960    0.043563
  0.263340    0.043684
  0.254710    0.043785
  0.246090    0.043866
  0.237530    0.043898
  0.229020    0.043899
  0.220550    0.043891
  0.212070    0.043892
  0.203570    0.043854
  0.195020    0.043785
  0.186440    0.043686
  0.177850    0.043538
  0.169250    0.043299
  0.160710    0.043030
  0.152210    0.042672
  0.143780    0.042283
  0.135440    0.041855
  0.127200    0.041357
  0.119080    0.040800
  0.111060    0.040182
  0.103110    0.039455
  0.095190    0.038588
  0.087290    0.037570
  0.079410    0.036353
  0.071580    0.034936
  0.063880    0.033339
  0.056390    0.031603
  0.049090    0.029717
  0.042070    0.027672
  0.035410    0.025457
  0.029240    0.023144
  0.023730    0.020832
  0.019030    0.018621
  0.015120    0.016553
  0.011800    0.014586
  0.009360    0.012920
  0.007270    0.011296
  0.005560    0.009792
  0.004470    0.008580
  0.003280    0.007197
  0.002410    0.005935
  0.001530    0.004563
  0.000970    0.003302
  0.000340    0.001481
  0.000000    0.000000
  0.000280   -0.001399
  0.000780   -0.002838
  0.001400   -0.004027
  0.002160   -0.004965
  0.002970   -0.005904
  0.004160   -0.007031
  0.005560   -0.007978
  0.007270   -0.008874
  0.009360   -0.009770
  0.011940   -0.010654
  0.015120   -0.011497
  0.019030   -0.012259
  0.023730   -0.012948
  0.029240   -0.013576
  0.035410   -0.014123
  0.042070   -0.014628
  0.049090   -0.015043
  0.056390   -0.015387
  0.063880   -0.015701
  0.071580   -0.015934
  0.079410   -0.016077
  0.087290   -0.016150
  0.095190   -0.016202
  0.103110   -0.016245
  0.111060   -0.016298
  0.119080   -0.016350
  0.127200   -0.016413
  0.135440   -0.016485
  0.143780   -0.016527
  0.152210   -0.016548
  0.160710   -0.016530
  0.169250   -0.016481
  0.177850   -0.016402
  0.186440   -0.016314
  0.195020   -0.016215
  0.203570   -0.016106
  0.212070   -0.015998
  0.220550   -0.015869
  0.229020   -0.015751
  0.237530   -0.015682
  0.246090   -0.015604
  0.254710   -0.015555
  0.263340   -0.015526
  0.271960   -0.015497
  0.280560   -0.015478
  0.289130   -0.015480
  0.297730   -0.015421
  0.306370   -0.015352
  0.315080   -0.015293
  0.323790   -0.015224
  0.332470   -0.015195
  0.341100   -0.015176
  0.349630   -0.015168
  0.358140   -0.015159
  0.366640   -0.015151
  0.375220   -0.015132
  0.383870   -0.015103
  0.392570   -0.015074
  0.401290   -0.015035
  0.410000   -0.014996
  0.418690   -0.014957
  0.427360   -0.014918
  0.436030   -0.014859
  0.444710   -0.014801
  0.453420   -0.014742
  0.462110   -0.014683
  0.470800   -0.014614
  0.479480   -0.014535
  0.488160   -0.014456
  0.496840   -0.014367
  0.505520   -0.014268
  0.514230   -0.014179
  0.522940   -0.014060
  0.531640   -0.013961
  0.540330   -0.013842
  0.549020   -0.013713
  0.557700   -0.013564
  0.566360   -0.013445
  0.575010   -0.013306
  0.583680   -0.013178
  0.592350   -0.013029
  0.601030   -0.012880
  0.609710   -0.012741
  0.618400   -0.012592
  0.627090   -0.012433
  0.635790   -0.012264
  0.644510   -0.012105
  0.653250   -0.011946
  0.661970   -0.011757
  0.670700   -0.011588
  0.679420   -0.011399
  0.688140   -0.011220
  0.696840   -0.011031
  0.705540   -0.010822
  0.714230   -0.010633
  0.722930   -0.010434
  0.731610   -0.010225
  0.740290   -0.009996
  0.747190   -0.009831
  0.750640   -0.009764
  0.752890   -0.009719
  0.757390   -0.009639
  0.766090   -0.009460
  0.774790   -0.009301
  0.783500   -0.009102
  0.792230   -0.008923
  0.800960   -0.008704
  0.809690   -0.008485
  0.818430   -0.008256
  0.827160   -0.007997
  0.835890   -0.007748
  0.844620   -0.007469
  0.853360   -0.007190
  0.862100   -0.006921
  0.870830   -0.006642
  0.879560   -0.006353
  0.888300   -0.006104
  0.897020   -0.005854
  0.905740   -0.005605
  0.914440   -0.005377
  0.923140   -0.005128
  0.931840   -0.004889
  0.940530   -0.004610
  0.949190   -0.004301
  0.983160   -0.002247
  0.990530   -0.001411
  0.996660   -0.000557
  1.000000   -0.000010
