P Salvian FV BV 560.1
  0.999990    0.000370
  0.996380    0.000662
  0.990650    0.001140
  0.984490    0.001626
  0.954560    0.003991
  0.926891    0.006041
  0.917241    0.006740
  0.907601    0.007438
  0.898021    0.008108
  0.888491    0.008777
  0.879001    0.009436
  0.869531    0.010095
  0.860041    0.010745
  0.850552    0.011404
  0.841032    0.012063
  0.831482    0.012703
  0.821902    0.013352
  0.812272    0.014091
  0.804842    0.014794
  0.801122    0.015156
  0.798492    0.015401
  0.793212    0.015879
  0.783562    0.016788
  0.773922    0.017667
  0.764272    0.018586
  0.754642    0.019465
  0.750133    0.019885
  0.744963    0.020314
  0.735313    0.021123
  0.725643    0.021932
  0.716013    0.022721
  0.706403    0.023500
  0.696803    0.024279
  0.687223    0.025058
  0.677653    0.025807
  0.668083    0.026586
  0.658543    0.027345
  0.649004    0.028075
  0.639484    0.028794
  0.629964    0.029513
  0.620434    0.030222
  0.610884    0.030911
  0.601364    0.031601
  0.591824    0.032270
  0.582274    0.032929
  0.572714    0.033578
  0.563134    0.034217
  0.553544    0.034856
  0.543955    0.035465
  0.534355    0.036065
  0.524745    0.036674
  0.515145    0.037263
  0.505535    0.037852
  0.495945    0.038411
  0.486385    0.038980
  0.476845    0.039519
  0.467325    0.040038
  0.457845    0.040558
  0.448376    0.041047
  0.438936    0.041526
  0.429506    0.041996
  0.420116    0.042435
  0.410696    0.042855
  0.401286    0.043264
  0.391846    0.043644
  0.382366    0.044013
  0.372876    0.044362
  0.363326    0.044682
  0.353796    0.044981
  0.344237    0.045250
  0.334727    0.045489
  0.325267    0.045689
  0.315857    0.045878
  0.306477    0.046048
  0.297107    0.046147
  0.287727    0.046247
  0.278317    0.046316
  0.268897    0.046386
  0.259447    0.046375
  0.250017    0.046335
  0.240658    0.046254
  0.231418    0.046094
  0.222288    0.045894
  0.213258    0.045624
  0.204258    0.045315
  0.195238    0.044965
  0.186128    0.044575
  0.176878    0.044145
  0.167498    0.043695
  0.158068    0.043194
  0.148719    0.042654
  0.139629    0.042064
  0.130869    0.041405
  0.122489    0.040667
  0.114439    0.039839
  0.106619    0.038922
  0.098959    0.037885
  0.091339    0.036729
  0.083769    0.035442
  0.076289    0.034086
  0.069119    0.032670
  0.062379    0.031226
  0.056079    0.029772
  0.050180    0.028269
  0.044610    0.026707
  0.039380    0.025146
  0.034560    0.023575
  0.030240    0.022046
  0.026410    0.020577
  0.023070    0.019190
  0.020150    0.017854
  0.017590    0.016568
  0.015330    0.015323
  0.013340    0.014139
  0.011510    0.013005
  0.009840    0.011911
  0.008250    0.010788
  0.006700    0.009695
  0.005490    0.008732
  0.004490    0.007850
  0.003610    0.007018
  0.002820    0.006266
  0.002140    0.005465
  0.001540    0.004573
  0.000940    0.003582
  0.000570    0.002661
  0.000320    0.001701
  0.000110    0.000830
  0.000030    0.000140
  0.000000    0.000000
  0.000030   -0.000500
  0.000150   -0.001300
  0.000360   -0.002139
  0.000780   -0.003098
  0.001240   -0.003927
  0.001860   -0.004586
  0.002520   -0.005244
  0.003300   -0.005793
  0.004210   -0.006241
  0.005260   -0.006718
  0.006460   -0.007236
  0.007820   -0.007713
  0.009350   -0.008140
  0.011050   -0.008576
  0.012920   -0.009012
  0.014980   -0.009407
  0.017250   -0.009742
  0.019770   -0.010077
  0.022580   -0.010431
  0.025730   -0.010784
  0.029290   -0.011106
  0.033310   -0.011397
  0.037860   -0.011647
  0.042980   -0.011846
  0.048690   -0.011984
  0.055009   -0.012080
  0.061979   -0.012135
  0.069599   -0.012178
  0.077809   -0.012210
  0.086439   -0.012251
  0.095269   -0.012282
  0.104209   -0.012283
  0.113239   -0.012273
  0.122379   -0.012243
  0.131639   -0.012243
  0.141039   -0.012272
  0.150528   -0.012322
  0.160118   -0.012421
  0.169758   -0.012510
  0.179438   -0.012629
  0.189128   -0.012728
  0.198808   -0.012806
  0.208468   -0.012855
  0.218088   -0.012904
  0.227688   -0.012964
  0.237258   -0.013033
  0.246818   -0.013142
  0.256357   -0.013261
  0.265887   -0.013400
  0.275447   -0.013519
  0.285027   -0.013679
  0.294637   -0.013818
  0.304257   -0.013937
  0.313877   -0.014046
  0.323487   -0.014175
  0.333077   -0.014284
  0.342657   -0.014393
  0.352216   -0.014532
  0.361736   -0.014651
  0.371236   -0.014771
  0.380726   -0.014890
  0.390176   -0.014999
  0.399616   -0.015079
  0.409066   -0.015148
  0.418496   -0.015198
  0.427936   -0.015207
  0.437416   -0.015236
  0.446886   -0.015236
  0.456385   -0.015205
  0.465925   -0.015174
  0.475465   -0.015133
  0.485035   -0.015072
  0.494615   -0.015022
  0.504215   -0.014951
  0.513835   -0.014870
  0.523455   -0.014799
  0.533065   -0.014708
  0.542675   -0.014617
  0.552284   -0.014516
  0.561884   -0.014405
  0.571484   -0.014284
  0.581064   -0.014143
  0.590634   -0.014012
  0.600194   -0.013861
  0.609744   -0.013711
  0.619324   -0.013540
  0.628864   -0.013359
  0.638434   -0.013178
  0.647984   -0.012977
  0.657543   -0.012776
  0.667113   -0.012566
  0.676703   -0.012365
  0.686293   -0.012124
  0.695903   -0.011913
  0.705523   -0.011672
  0.715163   -0.011431
  0.724813   -0.011190
  0.734503   -0.010929
  0.744193   -0.010678
  0.748553   -0.010568
  0.750732   -0.010513
  0.754922   -0.010434
  0.763302   -0.010276
  0.772992   -0.010095
  0.782682   -0.009924
  0.792372   -0.009743
  0.801482   -0.009563
  0.811982   -0.009370
  0.821602   -0.009069
  0.831212   -0.008628
  0.840762   -0.008207
  0.850302   -0.007786
  0.859801   -0.007366
  0.869301   -0.006935
  0.878801   -0.006524
  0.888301   -0.006093
  0.897841   -0.005653
  0.907431   -0.005192
  0.917091   -0.004761
  0.926741   -0.004290
  0.936301   -0.003829
  0.945601   -0.003369
  0.954480   -0.002899
  0.962840   -0.002471
  0.970600   -0.002044
  0.977800   -0.001648
  0.984460   -0.001284
  0.990640   -0.000910
  0.996380   -0.000588
  1.000000   -0.000370
