P Salvian FV BV 575-nose
  0.999980    0.000460
  0.996370    0.000790
  0.990630    0.001321
  0.984470    0.001892
  0.954531    0.004555
  0.926841    0.006849
  0.917192    0.007640
  0.907552    0.008411
  0.897962    0.009152
  0.888432    0.009903
  0.878942    0.010634
  0.869463    0.011365
  0.859973    0.012087
  0.850473    0.012818
  0.840953    0.013549
  0.831403    0.014270
  0.821814    0.014971
  0.812184    0.015792
  0.804744    0.016553
  0.801024    0.016934
  0.798394    0.017204
  0.793114    0.017724
  0.783454    0.018696
  0.773815    0.019657
  0.764155    0.020638
  0.754515    0.021599
  0.744825    0.022560
  0.735175    0.023521
  0.725516    0.024482
  0.715886    0.025414
  0.706276    0.026355
  0.696676    0.027286
  0.687096    0.028207
  0.677526    0.029098
  0.667967    0.030019
  0.658427    0.030910
  0.648887    0.031781
  0.639367    0.032633
  0.629847    0.033474
  0.620318    0.034315
  0.610778    0.035136
  0.601258    0.035947
  0.591718    0.036748
  0.582168    0.037519
  0.572609    0.038291
  0.563039    0.039042
  0.553449    0.039793
  0.543859    0.040524
  0.534259    0.041225
  0.524650    0.041946
  0.515050    0.042637
  0.505450    0.043328
  0.495860    0.043990
  0.486300    0.044651
  0.476760    0.045292
  0.467241    0.045903
  0.457761    0.046504
  0.448301    0.047085
  0.438861    0.047646
  0.429431    0.048188
  0.420042    0.048699
  0.410622    0.049190
  0.401222    0.049661
  0.391782    0.050102
  0.382302    0.050523
  0.372813    0.050924
  0.363263    0.051285
  0.353733    0.051627
  0.344183    0.051938
  0.334673    0.052209
  0.325214    0.052440
  0.315804    0.052661
  0.306424    0.052852
  0.297054    0.052973
  0.287684    0.053094
  0.278274    0.053176
  0.268855    0.053247
  0.259405    0.053238
  0.249965    0.053209
  0.240615    0.053120
  0.231375    0.052951
  0.222246    0.052732
  0.213216    0.052453
  0.204216    0.052104
  0.195196    0.051726
  0.186096    0.051297
  0.176846    0.050828
  0.167467    0.050319
  0.158037    0.049760
  0.148687    0.049161
  0.139597    0.048492
  0.130847    0.047763
  0.122468    0.046954
  0.114418    0.046025
  0.106598    0.044996
  0.098938    0.043827
  0.091318    0.042518
  0.083748    0.041049
  0.076278    0.039490
  0.069109    0.037851
  0.062369    0.036172
  0.056069    0.034453
  0.050169    0.032683
  0.044599    0.030844
  0.039369    0.028975
  0.034549    0.027085
  0.030229    0.025216
  0.026409    0.023456
  0.023070    0.021787
  0.020150    0.020177
  0.017590    0.018648
  0.015330    0.017178
  0.013340    0.015788
  0.011510    0.014448
  0.009840    0.013179
  0.008250    0.011899
  0.006830    0.010659
  0.005490    0.009399
  0.004450    0.008399
  0.003610    0.007589
  0.002820    0.006760
  0.002140    0.005880
  0.001540    0.004930
  0.001050    0.003930
  0.000650    0.002790
  0.000350    0.001650
  0.000140    0.000720
  0.000030    0.000160
  0.000000    0.000000
  0.000080   -0.000410
  0.000240   -0.001120
  0.000500   -0.002140
  0.000860   -0.003240
  0.001310   -0.004190
  0.001860   -0.005010
  0.002520   -0.005740
  0.003300   -0.006380
  0.004210   -0.006940
  0.005260   -0.007550
  0.006460   -0.008191
  0.007820   -0.008841
  0.009350   -0.009431
  0.011050   -0.010051
  0.012920   -0.010701
  0.014980   -0.011322
  0.017250   -0.011902
  0.019770   -0.012502
  0.022580   -0.013112
  0.025729   -0.013743
  0.029279   -0.014393
  0.033299   -0.015004
  0.037849   -0.015574
  0.042969   -0.016115
  0.048679   -0.016586
  0.054999   -0.017006
  0.061969   -0.017387
  0.069589   -0.017708
  0.077798   -0.018029
  0.086418   -0.018360
  0.095248   -0.018621
  0.104188   -0.018822
  0.113218   -0.018983
  0.122358   -0.019104
  0.131617   -0.019235
  0.141007   -0.019387
  0.150497   -0.019548
  0.160087   -0.019739
  0.169727   -0.019930
  0.179406   -0.020151
  0.189086   -0.020332
  0.198766   -0.020493
  0.208426   -0.020615
  0.218046   -0.020736
  0.227645   -0.020857
  0.237215   -0.020978
  0.246765   -0.021129
  0.256315   -0.021290
  0.265845   -0.021471
  0.275404   -0.021623
  0.284984   -0.021814
  0.294594   -0.021975
  0.304204   -0.022116
  0.313824   -0.022247
  0.323434   -0.022378
  0.333023   -0.022500
  0.342603   -0.022621
  0.352153   -0.022752
  0.361673   -0.022883
  0.371173   -0.022994
  0.380662   -0.023115
  0.390112   -0.023206
  0.399552   -0.023267
  0.408992   -0.023309
  0.418422   -0.023330
  0.427861   -0.023321
  0.437341   -0.023312
  0.446811   -0.023273
  0.456311   -0.023194
  0.465841   -0.023105
  0.475380   -0.023027
  0.484950   -0.022908
  0.494530   -0.022799
  0.504130   -0.022670
  0.513740   -0.022531
  0.523360   -0.022402
  0.532969   -0.022244
  0.542579   -0.022085
  0.552189   -0.021916
  0.561789   -0.021727
  0.571379   -0.021538
  0.580958   -0.021319
  0.590528   -0.021100
  0.600088   -0.020882
  0.609638   -0.020633
  0.619208   -0.020384
  0.628747   -0.020105
  0.638317   -0.019826
  0.647867   -0.019537
  0.657427   -0.019239
  0.666997   -0.018930
  0.676576   -0.018621
  0.686166   -0.018282
  0.695776   -0.017963
  0.705396   -0.017624
  0.715036   -0.017285
  0.724686   -0.016917
  0.734365   -0.016558
  0.744055   -0.016189
  0.753745   -0.015820
  0.763435   -0.015441
  0.773125   -0.015062
  0.782804   -0.014694
  0.792494   -0.014315
  0.801604   -0.013956
  0.812094   -0.013547
  0.821714   -0.013028
  0.831313   -0.012400
  0.840863   -0.011781
  0.850393   -0.011162
  0.859893   -0.010543
  0.869383   -0.009924
  0.878872   -0.009295
  0.888372   -0.008686
  0.897902   -0.008038
  0.907492   -0.007389
  0.917142   -0.006740
  0.926791   -0.006061
  0.936341   -0.005382
  0.945631   -0.004713
  0.954511   -0.004064
  0.962861   -0.003435
  0.970621   -0.002836
  0.977810   -0.002267
  0.984470   -0.001738
  0.990640   -0.001229
  0.996380   -0.000760
  1.000000   -0.000460
